0.088748,0.17475,0.34976,0.15304,0.38819,0.16648,0.17255,0.10861,0,0,0,0.20229,0.35842,0.31672,0.46287,0.20171,0.30441,0.2866
0.38614,0.72255,1.4221,0.59642,1.5067,0.63682,0.66125,0.43443,0,0,0,0.80914,1.4019,1.2669,1.8515,0.77696,1.2144,1.1388
0.43286,0.76374,1.5082,0.56882,1.4376,0.5851,0.60451,0.4034,0,0,0,0.86674,1.4655,1.2916,1.821,0.767,1.211,1.1543
0.48527,0.79316,1.5869,0.53598,1.3685,0.51625,0.55066,0.38789,0,0,0,0.95348,1.5131,1.3081,1.7904,0.74605,1.2032,1.1706
0.55078,0.82846,1.6656,0.49754,1.2304,0.41313,0.4777,0.32582,0,0,0,1.0599,1.5767,1.3329,1.7599,0.72509,1.1722,1.1945
0.61505,0.86376,1.7758,0.44304,1.1404,0.30354,0.40995,0.27928,0,0,0,1.1863,1.6402,1.3729,1.7294,0.72509,1.152,1.2283
0.68922,0.8873,1.8859,0.38259,1.0549,0.21755,0.34105,0.21722,0,0,0,1.273,1.672,1.4059,1.7065,0.72509,1.1338,1.2508
0.76906,0.9226,1.9881,0.31166,0.9277,0.1487,0.24493,0.16291,0,0,0,1.312,1.6879,1.4472,1.6989,0.72509,1.1093,1.2673
0.83853,0.94614,2.0828,0.24039,0.82243,0.12542,0.17197,0.10861,0,0,0,1.2439,1.6085,1.4716,1.7523,0.72509,1.0955,1.2623
0.90775,0.98733,2.1692,0.19147,0.76925,0.1028,0.14476,0.093093,0,0,0,1.0307,1.4655,1.4954,1.8744,0.79687,1.1116,1.2465
1.0259,1.0932,2.328,0.1747,0.76925,0.091806,0.12854,0.093093,0,0,0,0.63769,1.1059,1.4307,2.051,1.0787,1.1908,1.1914
1.2459,1.3074,2.5994,0.21837,0.87562,0.091806,0.14476,0.093093,0,0,0,0.14739,0.52968,0.98482,1.9589,1.5733,1.3809,0.97533
1.4889,1.5701,2.9198,0.27323,1.0017,0.10829,0.1601,0.11637,0,0,0,0,0.23541,0.22061,0.91868,1.9468,1.6096,0.54987
1.6963,1.802,3.1615,0.34975,1.1295,0.11961,0.18008,0.13188,0,0,0,0,0.16185,0.042603,0.13818,1.0017,1.8091,0.19196
1.7789,1.9282,3.243,0.44304,1.2073,0.13706,0.20845,0.16291,0,0,0,0,0.029427,0,0.038996,0.050295,1.9204,0.019435
1.7018,1.9099,3.0807,0.57441,1.311,0.17197,0.26114,0.20946,0,0,0,0,0,0,0,0,1.9282,0
1.5493,1.8128,2.8313,0.70054,1.4261,0.22305,0.32078,0.256,0,0,0,0,0,0,0,0,1.885,0
1.395,1.7043,2.5991,0.86371,1.6098,0.33263,0.39779,0.31031,0,0,0,0,0,0,0,0,1.8755,0
1.2071,1.5981,2.3361,1.0667,1.8269,0.51043,0.50202,0.36461,0,0,0,0,0,0,0,0,1.8842,0
0.95447,1.436,2.0118,1.3123,2.1263,0.74317,0.62506,0.43443,0,0,0,0,0,0,0,0,1.8868,0
0.60962,1.1636,1.5641,1.5884,2.5073,1.0247,0.80456,0.51346,0,0,0,0,0,0,0,0,1.855,0
0.28157,0.79316,1.0234,1.8651,2.8752,1.3693,1.0284,0.63032,0,0,0,0,0,0,0,0,1.8146,0
0.15624,0.46365,0.55438,2.1306,3.0984,1.6816,1.2432,0.72341,0,0,0,0,0,0,0,0,1.8214,0
0.067488,0.208,0.25393,2.3473,3.0874,2.0152,1.4545,0.80098,0,0,0,0,0,0,0,0,1.8513,0
0.010383,0.11415,0.1462,2.2578,2.6746,2.3776,1.6934,0.99347,0,0,0,0,0,0,0,0,1.884,0
0,0.072373,0.092338,1.638,2.0451,2.6181,1.8981,1.5482,0,0,0,0,0,0,0,0,1.8383,0
0,0.057074,0.061559,0.89236,1.4146,2.696,2.1378,2.307,0,0,0,0,0,0,0,0,1.7841,0
0,0.020594,0.01539,0.33333,0.72758,2.3714,2.2628,3.0856,0.035945,0.078435,0,0,0,0,0,0,1.6416,0.027237
0,0,0,0.1747,0.31581,1.2998,1.6233,3.8357,0.8222,1.3008,1.0275,0.060652,0.073567,0,0,0,1.278,0.73779
0,0,0,0.13661,0.22096,0.4128,0.44267,3.8512,0.98785,1.6631,2.0405,0.46082,0.45611,0.056474,0.05256,0.019909,0.79248,1.2167
0,0,0,0.087,0.10417,0.18878,0.079906,1.4657,1.0225,1.7825,2.2745,0.77119,1.0299,0.12814,0.11812,0.099543,0.29673,1.4696
0,0,0,0.010831,0,0.028447,0,0.13964,1.0228,1.8741,2.2652,0.9728,1.243,0.14961,0.14468,0.14041,0.027942,1.57
0,0,0,0,0,0,0,0,0.87398,1.8317,2.0139,1.2923,1.4337,0.19914,0.19074,0.19123,0,1.5849
0,0,0,0,0,0,0,0,0.64273,1.6284,1.6991,1.5448,1.529,0.24175,0.22381,0.23104,0,1.4984
0,0,0,0,0,0,0,0,0.43335,1.4183,1.3764,1.9046,1.7515,0.31308,0.30321,0.31173,0,1.4738
0,0,0,0,0,0,0,0,0.26443,1.1584,1.0851,2.3952,2.197,0.49142,0.4883,0.4228,0,1.5594
0,0,0,0,0,0,0,0,0.15182,0.82741,0.69857,2.9021,2.7026,0.79526,0.82542,0.54434,0,1.7001
0,0,0,0,0,0,0,0,0.087473,0.41924,0.31512,3.3253,3.0521,1.1202,1.1382,0.67532,0,1.8021
0,0,0,0,0,0,0,0,0.019606,0.097505,0.11217,3.4744,3.1922,1.4307,1.5121,0.72509,0,1.8795
0,0,0,0,0,0,0,0,0,0.025837,0.029682,3.0017,2.9121,1.6922,1.9281,0.72509,0,1.8688
0,0,0,0,0,0,0,0,0,0,0,2.3461,2.4771,2.0023,2.4175,0.93099,0,1.8839
0,0,0,0,0,0,0,0,0,0,0,1.7298,2.0693,2.2537,2.8041,1.8845,0,1.9822
0,0,0,0,0,0,0,0,0,0,0,1.0216,1.6085,2.3181,3.2053,3.1471,0,2.061
0.09913,0.010297,0,0,0,0,0,0,0,0,0,0.34798,0.91282,2.0591,3.3656,4.2473,0.029933,1.973
1.7339,0.66047,1.1993,0,0,0,0,0,0,0,0,0.15586,0.57382,1.0806,2.3449,4.9468,0.87109,1.5361
1.7947,1.7511,3.47,0.09853,0.17874,0.017133,0.01187,0.023273,0,0,0,0.095552,0.38255,0.33488,0.63298,4.1656,1.6397,0.83059
1.6093,1.9099,3.6995,0.53074,0.84327,0.12575,0.088012,0.13964,0,0,0,0,0.10299,0.10667,0.15118,1.1814,1.896,0.22501
1.5053,1.9526,3.4123,0.85113,1.1525,0.22337,0.17631,0.22497,0,0,0,0,0,0,0,0,1.9762,0
1.126,1.7449,2.6397,1.2987,1.3916,0.44739,0.30109,0.32582,0,0,0,0,0,0,0,0,1.88,0
0.66969,1.3801,1.8307,1.6593,1.6213,0.70438,0.4059,0.41892,0,0,0,0,0,0,0,0,1.7016,0
0.33892,1.005,1.2189,1.9077,1.8154,0.92581,0.48986,0.47371,0,0,0,0,0,0,0,0,1.5499,0
0.17725,0.65959,0.7373,2.175,2.1032,1.1825,0.61522,0.52946,0,0,0,0,0,0,0,0,1.5106,0
0.093445,0.37481,0.36935,2.4598,2.3851,1.4825,0.79964,0.6148,0,0,0,0,0,0,0,0,1.5594,0
0.03634,0.19241,0.16929,2.7302,2.4848,1.7624,0.9664,0.68462,0,0,0,0,0,0,0,0,1.6362,0
0,0.10356,0.092338,2.8123,2.3516,2.0533,1.1583,0.71565,0,0,0,0,0,0,0,0,1.7015,0
0,0.072373,0.030779,2.2962,2.0687,2.3452,1.4913,0.76995,0,0,0,0,0,0,0,0,1.6939,0
0,0.046483,0,1.5178,1.7353,2.6504,1.9201,1.4589,0,0,0,0,0,0,0,0,1.7512,0
0,0.010297,0,0.76937,1.1903,2.793,2.2628,2.5465,0,0,0,0,0,0,0,0,1.793,0
0,0,0,0.30607,0.49565,2.3142,2.1051,3.5375,0.0077922,0,0,0,0,0,0,0,1.6138,0.0021215
0,0,0,0.19671,0.2736,0.87021,0.79066,4.5116,0.89283,1.2091,1.5069,0.16535,0.10299,0,0,0,1.0841,0.85625
0,0,0,0.13067,0.12611,0.26927,0.1242,2.1183,1.0776,1.6493,2.8419,0.7556,0.88339,0.092142,0.10512,0.11002,0.42806,1.5381
0,0,0,0.016422,0,0.034265,0,0.1474,1.1404,1.6843,3.1674,0.95382,1.5449,0.16348,0.26365,0.18127,0.031375,1.8069
0,0,0,0,0,0,0,0,1.0517,1.5512,3.0183,0.97314,1.8468,0.17041,0.38912,0.20118,0,1.797
0,0,0,0,0,0,0,0,0.68672,1.1393,2.4201,0.99245,2.1646,0.18494,0.60755,0.22109,0,1.5868
0,0,0,0,0,0,0,0,0.35291,0.76128,1.7775,1.128,2.5978,0.29855,0.98649,0.30177,0,1.488
0,0,0,0,0,0,0,0,0.16791,0.4783,1.3164,1.3313,3.1222,0.49869,1.3632,0.43275,0,1.535
0,0,0,0,0,0,0,0,0.07943,0.19593,0.78244,1.6027,3.8726,0.82795,1.852,0.58468,0,1.6908
0,0,0,0,0,0,0,0,0.019606,0.045215,0.24022,1.661,4.3793,1.2101,2.5195,0.71566,0,1.8621
0,0,0,0,0,0,0,0,0,0,0.089737,1.3313,3.8031,1.5532,3.3045,1.1531,0,2.0016
0,0,0,0,0,0,0,0,0,0,0.029682,0.88707,2.9132,1.7738,3.7001,2.3115,0,2.0894
0,0,0,0,0,0,0,0,0,0,0,0.38288,2.0699,1.7494,4.0033,3.4672,0,2.1029
0.010383,0,0,0,0,0,0,0,0,0,0,0.077932,1.0352,1.3078,4.0864,4.5365,0.0028835,1.9893
1.258,0.203,0.42741,0,0,0,0,0,0,0,0,0.017281,0.60325,0.64697,2.8117,5.2595,0.48065,1.5756
1.8934,1.5363,3.1738,0.016422,0.031252,0,0,0,0,0,0,0,0.38255,0.32728,0.79349,4.4862,1.5145,0.89047
1.6583,2.0008,4.2217,0.38818,0.81202,0.1028,0.092065,0.13964,0,0,0,0,0.13242,0.10667,0.18424,1.3113,1.9975,0.25341
1.6093,1.995,4.2377,0.57441,1.3225,0.17779,0.20845,0.21722,0,0,0,0,0,0,0,0,2.1407,0
1.3564,1.7914,3.5613,0.70194,1.3685,0.20592,0.25709,0.256,0,0,0,0,0,0,0,0,1.944,0
0.87981,1.4416,2.4882,0.97552,1.4376,0.30386,0.32918,0.31031,0,0,0,0,0,0,0,0,1.6274,0
0.42668,1.0109,1.6736,1.2494,1.7929,0.54502,0.50231,0.39564,0,0,0,0,0,0,0,0,1.4438,0
0.20864,0.64194,1.1367,1.4462,2.2162,0.8534,0.73276,0.49795,0,0,0,0,0,0,0,0,1.4181,0
0.10902,0.3854,0.71457,1.7089,2.5742,1.1954,0.99043,0.62256,0,0,0,0,0,0,0,0,1.4955,0
0.051914,0.19241,0.31549,1.9294,2.9536,1.6011,1.3439,0.75444,0,0,0,0,0,0,0,0,1.6358,0
0,0.082669,0.12312,1.8368,3.0096,2.0731,1.8656,1.1069,0,0,0,0,0,0,0,0,1.8207,0
0,0.057074,0.061559,1.2777,2.5188,2.4167,2.2527,1.9797,0,0,0,0,0,0,0,0,1.9197,0
0,0.010297,0,0.64639,1.8505,2.5266,2.6398,3.0216,0,0,0,0,0,0,0,0,1.9516,0
0,0,0,0.22955,0.86739,2.1206,2.7678,3.9327,0,0,0,0,0,0,0,0,1.8173,0
0,0,0,0.1471,0.369,0.93228,1.5793,4.7206,0.40494,0.30882,0.36136,0,0,0,0,0,1.316,0.25061
0,0,0,0.12019,0.20999,0.33813,0.23277,3.394,1.2616,1.8037,2.7325,0.54146,0.73743,0.07794,0.085622,0.11002,0.65751,1.5329
0,0,0,0.016422,0.020835,0.063036,0.015923,0.48437,1.2809,1.9147,3.186,1.0795,1.7197,0.19914,0.39562,0.26091,0.091585,1.9956
0,0,0,0,0,0,0,0,1.1238,1.8452,2.9348,1.3506,2.0534,0.29888,0.66576,0.35259,0,2.0792
0,0,0,0,0,0,0,0,0.58944,1.3226,2.0615,1.5834,2.4089,0.50628,1.0326,0.46314,0,1.8789
0,0,0,0,0,0,0,0,0.22421,0.77481,1.1538,1.7586,2.5813,0.69354,1.229,0.53386,0,1.6286
0,0,0,0,0,0,0,0,0.10356,0.37341,0.47285,2.051,2.6502,0.9409,1.3779,0.60512,0,1.5351
0,0,0,0,0,0,0,0,0.035442,0.11719,0.17223,2.3854,2.7555,1.251,1.5791,0.68527,0,1.6032
0,0,0,0,0,0,0,0,0,0.012919,0.074551,2.691,2.7379,1.6678,1.9204,0.78639,0,1.7929
0,0,0,0,0,0,0,0,0,0,0.014841,2.3854,2.6155,2.043,2.5348,1.1631,0,1.978
0,0,0,0,0,0,0,0,0,0,0,1.6322,2.2935,2.2778,3.0527,2.3854,0,2.1192
0,0,0,0,0,0,0,0,0,0,0,0.94501,1.7833,2.366,3.404,3.6171,0,2.1853
0,0,0,0,0,0,0,0,0,0,0,0.30427,1.0035,2.2537,3.5563,4.602,0,2.1075
0.8902,0.13004,0.17698,0,0,0,0,0,0,0,0,0.11283,0.58854,1.3653,2.7953,5.2705,0.31231,1.7395
1.8657,1.4145,3.065,0.016422,0.042218,0,0,0,0,0,0,0.095552,0.42669,0.45608,0.89013,5.0028,1.4584,1.0325
1.5604,1.8249,4.2056,0.45387,0.99624,0.12575,0.11204,0.17067,0,0,0,0,0.14713,0.15654,0.22409,1.6362,1.9761,0.31754
1.4447,1.8131,4.0818,0.73269,1.6783,0.21755,0.35755,0.27928,0,0,0,0,0,0,0.012999,0.040341,2.1502,0.0084174
1.0521,1.5142,3.2276,1.0038,2.0226,0.39567,0.55123,0.38013,0,0,0,0,0,0,0,0,1.9982,0
0.49738,1.0053,2.0286,1.2005,2.2847,0.62615,0.72784,0.45771,0,0,0,0,0,0,0,0,1.6633,0
0.18763,0.52279,1.129,1.2914,2.4964,0.82043,0.88997,0.52171,0,0,0,0,0,0,0,0,1.4212,0
0.083062,0.24948,0.59215,1.3333,2.7414,1.0571,1.1051,0.59928,0,0,0,0,0,0,0,0,1.3742,0
0.020765,0.13504,0.22315,1.4248,2.8972,1.3509,1.4012,0.67686,0,0,0,0,0,0,0,0,1.4389,0
0,0.072373,0.10773,1.3333,2.8752,1.6751,1.828,0.80098,0,0,0,0,0,0,0,0,1.5627,0
0,0.046483,0.069253,1.0388,2.5967,2.0149,2.2802,1.4497,0,0,0,0,0,0,0,0,1.7276,0
0,0.010297,0.01539,0.71067,2.1707,2.2412,2.6108,2.2885,0,0,0,0,0,0,0,0,1.836,0
0,0,0,0.39377,1.4722,2.2806,2.8728,3.1652,0,0,0,0,0,0,0,0,1.8755,0
0,0,0,0.16911,0.58996,1.808,2.7041,3.9802,0,0,0,0,0,0,0,0,1.6959,0
0,0,0,0.13661,0.34761,0.78617,1.295,4.8108,0.59095,0.54504,0.5688,0,0,0,0,0,1.2256,0.39493
0,0,0,0.10936,0.19958,0.30936,0.19253,3.0275,1.4353,2.0436,3.1208,0.58686,0.57382,0.071005,0.065559,0.1205,0.58652,1.6958
0,0,0,0.010831,0.020835,0.039761,0.019976,0.31079,1.3003,1.9827,3.3817,1.1375,1.6402,0.19914,0.31649,0.28134,0.061926,2.0408
0,0,0,0,0,0,0,0,1.0731,1.7963,3.0556,1.3116,2.0693,0.27015,0.60218,0.36255,0,2.0523
0,0,0,0,0,0,0,0,0.54721,1.2414,2.133,1.4861,2.3924,0.43429,0.98621,0.46314,0,1.8158
0,0,0,0,0,0,0,0,0.19204,0.67577,1.1883,1.6223,2.6155,0.64961,1.229,0.54382,0,1.5733
0,0,0,0,0,0,0,0,0.087473,0.2879,0.48803,1.8561,2.7379,0.90028,1.4301,0.62555,0,1.4925
0,0,0,0,0,0,0,0,0.027398,0.07782,0.17223,2.0703,2.9821,1.2345,1.7526,0.70518,0,1.5962
0,0,0,0,0,0,0,0,0,0,0.082144,2.1489,3.0869,1.5938,2.2389,0.82673,0,1.7897
0,0,0,0,0,0,0,0,0,0,0.014841,1.7396,2.9127,1.9455,2.9098,1.435,0,1.9882
0,0,0,0,0,0,0,0,0,0,0,1.1764,2.4942,2.1239,3.335,2.6154,0,2.117
0,0,0,0,0,0,0,0,0,0,0,0.58517,1.9422,2.1318,3.6849,3.7119,0,2.163
0,0,0,0,0,0,0,0,0,0,0,0.13892,1.0652,1.7824,3.8061,4.602,0,2.0441
0.71938,0.077962,0.13081,0,0,0,0,0,0,0,0,0.10436,0.61796,1.0879,2.8411,5.1196,0.24366,1.6751
1.8877,1.1865,2.9688,0,0.020835,0,0,0,0,0,0,0.086742,0.4414,0.43495,0.89013,4.7875,1.3865,0.99989
1.6746,1.7322,4.3997,0.30607,0.93154,0.085664,0.095829,0.13964,0,0,0,0,0.14713,0.16348,0.22409,1.6026,1.9704,0.31459
1.5767,1.7831,4.335,0.68587,1.6783,0.21755,0.34134,0.29479,0,0,0,0,0,0,0.012999,0.040341,2.2187,0.0084174
1.2128,1.5254,3.6026,0.9266,1.9996,0.37272,0.53444,0.38789,0,0,0,0,0,0,0,0,2.0932,0
0.65387,1.0403,2.3931,1.1233,2.3291,0.60837,0.7235,0.47419,0,0,0,0,0,0,0,0,1.7744,0
0.21359,0.51249,1.3424,1.1935,2.6636,0.84662,0.97132,0.52946,0,0,0,0,0,0,0,0,1.4956,0
0.077871,0.1977,0.66105,1.1866,2.9531,1.0907,1.2701,0.60704,0,0,0,0,0,0,0,0,1.4192,0
0.020765,0.098262,0.23854,1.1163,3.0764,1.357,1.6615,0.67686,0,0,0,0,0,0,0,0,1.4582,0
0,0.057074,0.10773,0.98949,2.8977,1.6816,2.0558,0.98814,0,0,0,0,0,0,0,0,1.5763,0
0,0.030891,0.069253,0.80222,2.4854,2.0213,2.3859,1.6902,0,0,0,0,0,0,0,0,1.7241,0
0,0,0.01539,0.55275,1.9881,2.2609,2.6864,2.5557,0,0,0,0,0,0,0,0,1.8397,0
0,0,0,0.26205,1.2698,2.2153,2.9198,3.4764,0,0,0,0,0,0,0,0,1.8656,0
0,0,0,0.14186,0.4951,1.6253,2.6699,4.2333,0,0,0,0,0,0,0,0,1.6676,0
0,0,0,0.12019,0.34761,0.69695,1.2244,4.9475,0.71009,0.67239,0.85423,0.017281,0.029427,0,0,0,1.2061,0.51921
0,0,0,0.087,0.16778,0.29837,0.18876,3.0013,1.3629,1.9895,3.2233,0.58619,0.58854,0.078271,0.085622,0.16032,0.57121,1.6975
0,0,0,0,0,0.039761,0.01187,0.30304,1.2661,1.9353,3.4849,1.0406,1.529,0.17074,0.26365,0.26091,0.054168,1.9875
0,0,0,0,0,0,0,0,1.0635,1.6982,3.2233,1.1083,1.9263,0.20608,0.50356,0.30177,0,1.9584
0,0,0,0,0,0,0,0,0.5638,1.1599,2.3304,1.273,2.2923,0.35569,0.92517,0.39241,0,1.7463
0,0,0,0,0,0,0,0,0.19204,0.65578,1.3433,1.496,2.6331,0.61989,1.2513,0.52391,0,1.5728
0,0,0,0,0,0,0,0,0.071386,0.25499,0.57397,1.7294,2.9827,0.95774,1.5946,0.62502,0,1.5524
0,0,0,0,0,0,0,0,0.019606,0.07136,0.17982,1.8558,3.314,1.3078,2.0352,0.756,0,1.6797
0,0,0,0,0,0,0,0,0,0,0.074551,1.7684,3.2269,1.6757,2.5709,1.0153,0,1.8496
0,0,0,0,0,0,0,0,0,0,0.029682,1.3608,2.895,1.9538,3.0909,1.8515,0,2.0126
0,0,0,0,0,0,0,0,0,0,0,0.84031,2.4613,2.0357,3.4803,2.9339,0,2.1038
0,0,0,0,0,0,0,0,0,0,0,0.33884,1.8468,1.9376,3.7682,3.9251,0,2.11
0,0,0,0,0,0,0,0,0,0,0,0.086742,0.97403,1.5449,3.8137,4.6984,0,1.9882
1.2106,0.28743,0.54318,0,0,0,0,0,0,0,0,0.069123,0.58854,0.96633,2.7354,5.0442,0.5099,1.604
1.7512,1.7078,3.506,0.1422,0.21054,0.034265,0.027793,0.054304,0,0,0,0.051842,0.39726,0.36295,0.8096,4.3794,1.6489,0.89998
1.5114,1.9099,4.0573,0.66945,1.2468,0.18296,0.18471,0.24825,0,0,0,0,0.13242,0.099737,0.18424,1.2349,2.0673,0.24198
1.4392,1.9099,3.8492,0.89166,1.6443,0.28091,0.34915,0.32582,0,0,0,0,0,0,0,0.019909,2.1707,0.0026005
1.0358,1.6204,2.9366,1.1652,1.7463,0.44739,0.42964,0.4034,0,0,0,0,0,0,0,0,1.9439,0
0.50282,1.1453,1.823,1.4601,1.7924,0.65589,0.48986,0.45771,0,0,0,0,0,0,0,0,1.5964,0
0.20345,0.68842,1.0538,1.6663,1.919,0.87312,0.58019,0.50619,0,0,0,0,0,0,0,0,1.3864,0
0.11421,0.41158,0.68484,1.7798,2.2392,1.123,0.77127,0.56825,0,0,0,0,0,0,0,0,1.3942,0
0.062296,0.24977,0.43091,1.9364,2.5967,1.3949,0.99014,0.65359,0,0,0,0,0,0,0,0,1.4894,0
0.020765,0.15592,0.20776,2.1083,2.8983,1.6816,1.2443,0.73892,0,0,0,0,0,0,0,0,1.617,0
0,0.082669,0.092338,2.109,2.8867,2.0213,1.608,0.80098,0,0,0,0,0,0,0,0,1.7373,0
0,0.051779,0.030779,1.5953,2.4964,2.3582,1.9907,1.2548,0,0,0,0,0,0,0,0,1.7948,0
0,0.010297,0,0.98286,1.9881,2.5854,2.3297,2.1794,0,0,0,0,0,0,0,0,1.8546,0
0,0,0,0.45946,1.1936,2.6116,2.5176,3.107,0,0,0,0,0,0,0,0,1.8314,0
0,0,0,0.19112,0.44247,1.765,2.0859,3.9981,0.015836,0.012919,0,0,0,0,0,0,1.5286,0.0071856
0,0,0,0.14186,0.28456,0.58704,0.64475,4.5266,1.1708,1.5315,1.801,0.21753,0.16185,0.014201,0.012999,0.029863,0.98204,1.0893
0,0,0,0.081759,0.094306,0.20624,0.095829,1.712,1.2518,1.86,2.8971,0.83184,1.08,0.12781,0.13818,0.21114,0.33682,1.7102
0,0,0,0,0,0.011314,0,0.077577,1.1791,1.8458,2.9903,1.2246,1.7674,0.22061,0.34955,0.30177,0.013388,1.9472
0,0,0,0,0,0,0,0,0.86543,1.5724,2.5665,1.5061,2.2617,0.38442,0.72708,0.41232,0,1.9711
0,0,0,0,0,0,0,0,0.43435,1.039,1.813,1.5736,2.6855,0.55582,1.0704,0.504,0,1.7792
0,0,0,0,0,0,0,0,0.17997,0.59641,1.0592,1.6125,2.9821,0.71567,1.2962,0.54382,0,1.5974
0,0,0,0,0,0,0,0,0.087473,0.23561,0.55568,1.6905,3.4365,0.92439,1.6022,0.6355,0,1.59
0,0,0,0,0,0,0,0,0.035442,0.07136,0.20225,1.8077,3.9249,1.2507,2.0739,0.74605,0,1.746
0,0,0,0,0,0,0,0,0,0,0.082144,1.7003,3.8031,1.6024,2.6806,1.0269,0,1.9173
0,0,0,0,0,0,0,0,0,0,0.014841,1.2727,3.2269,1.8636,3.1824,1.9762,0,2.0502
0,0,0,0,0,0,0,0,0,0,0,0.77492,2.6678,1.9538,3.5179,3.0947,0,2.1278
0,0,0,0,0,0,0,0,0,0,0,0.2609,1.9104,1.7659,3.8214,4.0755,0,2.0985
0.20049,0,0,0,0,0,0,0,0,0,0,0.034561,0.85396,1.0879,3.6693,4.8284,0.055679,1.851
1.7678,0.81022,1.7831,0,0,0,0,0,0,0,0,0.017281,0.52968,0.47689,1.9108,5.1196,1.03,1.2954
1.5544,1.7778,3.7414,0.22396,0.43205,0.062712,0.04777,0.085335,0,0,0,0,0.29427,0.25628,0.39562,3.1529,1.7158,0.59497
1.4558,1.8249,4.1066,0.59083,1.3466,0.16583,0.20063,0.21722,0,0,0,0,0.029427,0.021136,0.072341,0.45371,2.0345,0.084585
1.3673,1.7669,3.9072,0.71137,1.6443,0.22887,0.35726,0.28704,0,0,0,0,0,0,0,0,2.0787,0
1.0237,1.4639,3.1136,0.84275,1.7693,0.30936,0.43369,0.32582,0,0,0,0,0,0,0,0,1.8389,0
0.62964,1.0641,2.3046,0.9266,1.9766,0.41313,0.55123,0.35686,0,0,0,0,0,0,0,0,1.5741,0
0.29714,0.67724,1.6971,0.97552,2.3516,0.56797,0.75679,0.42667,0,0,0,0,0,0,0,0,1.4203,0
0.14585,0.3854,1.0839,1.1652,2.8303,0.8728,1.0379,0.51346,0,0,0,0,0,0,0,0,1.4308,0
0.046722,0.17652,0.51555,1.3543,3.2448,1.3176,1.4592,0.63807,0,0,0,0,0,0,0,0,1.544,0
0,0.077668,0.1462,1.3263,3.2217,1.7437,1.9146,0.84026,0,0,0,0,0,0,0,0,1.6542,0
0,0.046483,0.076948,1.0671,2.6636,2.1309,2.2466,1.4856,0,0,0,0,0,0,0,0,1.7648,0
0,0,0.030779,0.70124,2.0336,2.3844,2.5234,2.3991,0,0,0,0,0,0,0,0,1.843,0
0,0,0,0.31725,1.2589,2.3844,2.7272,3.3649,0,0,0,0,0,0,0,0,1.8496,0
0,0,0,0.14186,0.48469,1.6499,2.3691,4.1402,0,0,0,0,0,0,0,0,1.587,0
0,0,0,0.12019,0.3054,0.58639,0.86854,4.6469,1.1935,1.3835,1.5359,0.17382,0.11771,0.014201,0,0.019909,1.0503,0.99161
0,0,0,0.059747,0.10472,0.22919,0.12797,2.0505,1.3775,1.9962,2.953,0.86911,0.9752,0.12087,0.1314,0.18075,0.39421,1.7741
0,0,0,0,0,0.011314,0,0.10085,1.2661,1.9895,3.009,1.2927,1.6561,0.24208,0.4089,0.31173,0.016683,2.0275
0,0,0,0,0,0,0,0,0.89283,1.7123,2.4657,1.6322,2.0216,0.49869,0.7949,0.43275,0,2.03
0,0,0,0,0,0,0,0,0.40972,1.1599,1.5856,1.8365,2.2759,0.68528,1.0323,0.52391,0,1.78
0,0,0,0,0,0,0,0,0.15584,0.64962,0.76622,2.0703,2.4065,0.87584,1.1467,0.58468,0,1.5724
0,0,0,0,0,0,0,0,0.07943,0.29436,0.32271,2.3159,2.6155,1.104,1.3259,0.64546,0,1.5572
0,0,0,0,0,0,0,0,0.043234,0.091046,0.13461,2.563,2.8426,1.3976,1.587,0.70518,0,1.6729
0,0,0,0,0,0,0,0,0,0.025837,0.066958,2.671,3.018,1.7656,1.997,0.78691,0,1.8617
0,0,0,0,0,0,0,0,0,0,0.014841,2.1889,2.9127,2.0998,2.6664,1.0384,0,2.0002
0,0,0,0,0,0,0,0,0,0,0,1.5448,2.5807,2.3501,3.2282,2.1082,0,2.1562
0,0,0,0,0,0,0,0,0,0,0,0.84269,2.0375,2.3983,3.632,3.3609,0,2.2227
0,0,0,0,0,0,0,0,0,0,0,0.22566,1.097,2.0912,3.753,4.2898,0,2.0757
1.0534,0.1977,0.3662,0,0,0,0,0,0,0,0,0.1213,0.61796,1.1777,2.6975,4.8278,0.41055,1.6243
1.855,1.303,3.1989,0,0,0,0,0,0,0,0,0.069461,0.38255,0.39168,0.7576,4.3039,1.4472,0.88533
1.7127,1.8137,4.2703,0.26205,0.62176,0.068531,0.067746,0.11637,0,0,0,0,0.13242,0.11361,0.17096,1.2778,1.9135,0.24725
1.6583,1.892,4.2545,0.51396,1.1755,0.14288,0.1326,0.18619,0,0,0,0,0,0,0,0.019909,2.0735,0.0026005
1.4667,1.7219,3.7743,0.57441,1.2764,0.16034,0.15605,0.20946,0,0,0,0,0,0,0,0,1.9234,0
1.0929,1.3968,2.9447,0.69495,1.5061,0.1946,0.24464,0.24049,0,0,0,0,0,0,0,0,1.666,0
0.68452,1.0109,2.2252,0.86371,2.0342,0.28059,0.46612,0.31807,0,0,0,0,0,0,0,0,1.5024,0
0.3545,0.67665,1.7124,1.0318,2.5298,0.49911,0.72842,0.41116,0,0,0,0,0,0,0,0,1.449,0
0.17725,0.39069,1.114,1.3197,3.032,0.89252,1.0573,0.53674,0,0,0,0,0,0,0,0,1.5143,0
0.072679,0.17652,0.51555,1.5667,3.4882,1.4065,1.5072,0.68462,0,0,0,0,0,0,0,0,1.6603,0
0.010383,0.077668,0.16159,1.5031,3.5359,1.8562,2.0616,0.93771,0,0,0,0,0,0,0,0,1.8067,0
0,0.030891,0.076948,1.0671,2.8083,2.2153,2.4255,1.7174,0,0,0,0,0,0,0,0,1.8725,0
0,0,0.030779,0.60341,1.9536,2.4296,2.6632,2.7142,0,0,0,0,0,0,0,0,1.9011,0
0,0,0,0.21278,0.92222,2.1073,2.6806,3.6287,0,0,0,0,0,0,0,0,1.7543,0
0,0,0,0.13137,0.37942,0.95038,1.5718,4.4854,0.43259,0.4217,0.36965,0,0,0,0,0,1.283,0.28489
0,0,0,0.10342,0.20999,0.321,0.24869,3.3494,1.295,1.8526,2.6952,0.60347,0.61796,0.063739,0.065559,0.1205,0.64803,1.5377
0,0,0,0.010831,0.020835,0.063036,0.02374,0.58134,1.2467,1.8671,3.0742,1.1375,1.6402,0.17074,0.27043,0.26091,0.10607,1.9198
0,0,0,0,0,0,0,0,1.0723,1.7548,2.8605,1.3991,2.1329,0.27048,0.58212,0.34211,0,2.0218
0,0,0,0,0,0,0,0,0.5638,1.255,2.0253,1.6417,2.546,0.47722,1.0249,0.46314,0,1.8695
0,0,0,0,0,0,0,0,0.21215,0.74159,1.1193,1.8074,2.7379,0.65589,1.214,0.54382,0,1.629
0,0,0,0,0,0,0,0,0.099539,0.33373,0.48044,2.0117,2.8603,0.85933,1.3855,0.62555,0,1.5308
0,0,0,0,0,0,0,0,0.055299,0.10396,0.17223,2.2373,3.0345,1.1367,1.6542,0.68527,0,1.6027
0,0,0,0,0,0,0,0,0.0077922,0.025837,0.089737,2.4545,3.1045,1.4716,1.997,0.76648,0,1.7711
0,0,0,0,0,0,0,0,0,0,0.029682,2.2573,2.9127,1.8309,2.5421,0.96242,0,1.9212
0,0,0,0,0,0,0,0,0,0,0,1.6322,2.6155,2.0839,3.1214,1.9065,0,2.0705
0,0,0,0,0,0,0,0,0,0,0,0.96467,2.197,2.1401,3.5557,3.1157,0,2.1618
0,0,0,0,0,0,0,0,0,0,0,0.30427,1.4354,1.9703,3.8592,4.1284,0,2.1105
0.50183,0.052073,0.084643,0,0,0,0,0,0,0,0,0.10436,0.69153,1.292,3.2763,4.7529,0.16814,1.7835
1.6474,1.0615,2.7831,0,0.020835,0,0,0,0,0,0,0.095552,0.50026,0.49175,1.3021,5.0122,1.2541,1.1494
1.5169,1.654,4.1639,0.28965,0.88823,0.091482,0.088012,0.13188,0,0,0,0.017281,0.2207,0.20608,0.29671,2.234,1.8517,0.43552
1.4778,1.7658,4.2136,0.61249,1.5528,0.20042,0.32107,0.27928,0,0,0,0,0,0,0.019781,0.17132,2.1226,0.027168
1.2071,1.5869,3.619,0.79523,1.8384,0.321,0.49015,0.34134,0,0,0,0,0,0,0,0,2.0351,0
0.70454,1.1277,2.5519,0.97552,2.1493,0.50493,0.67109,0.41892,0,0,0,0,0,0,0,0,1.7462,0
0.27638,0.64988,1.5648,1.088,2.441,0.71085,0.85204,0.47371,0,0,0,0,0,0,0,0,1.4751,0
0.12484,0.32803,0.95626,1.1516,2.7414,0.93228,1.0669,0.54498,0,0,0,0,0,0,0,0,1.3966,0
0.057105,0.15592,0.50786,1.2494,3.0874,1.2349,1.4117,0.64583,0,0,0,0,0,0,0,0,1.4725,0
0.010383,0.082669,0.17698,1.2425,3.2662,1.5756,1.8442,0.79323,0,0,0,0,0,0,0,0,1.5943,0
0,0.046483,0.092338,1.0108,2.9312,1.913,2.2194,1.3077,0,0,0,0,0,0,0,0,1.7124,0
0,0,0.046169,0.71067,2.3626,2.1826,2.4887,2.1149,0,0,0,0,0,0,0,0,1.7977,0
0,0,0,0.38818,1.6783,2.2415,2.7735,2.9809,0,0,0,0,0,0,0,0,1.8423,0
0,0,0,0.14186,0.8016,1.839,2.8552,3.7974,0,0,0,0,0,0,0,0,1.7336,0
0,0,0,0.10901,0.38983,0.8922,1.8668,4.53,0.31068,0.19655,0.1353,0,0,0,0,0,1.3438,0.15514
0,0,0,0.097831,0.25276,0.34395,0.37608,3.7446,1.5501,2.1719,2.5993,0.52621,0.35312,0.049538,0.046061,0.11054,0.74332,1.6038
0,0,0,0.010831,0.052087,0.080168,0.0359,0.73795,1.3968,2.2331,2.9624,1.2923,1.2618,0.17801,0.17096,0.28134,0.13868,1.9873
0,0,0,0,0,0,0,0.015515,1.1331,2.0842,2.6669,1.6908,1.815,0.25595,0.30349,0.34264,0.0021969,2.0248
0,0,0,0,0,0,0,0,0.63569,1.6142,1.84,1.9531,2.0057,0.32035,0.46146,0.41232,0,1.7567
0,0,0,0,0,0,0,0,0.2765,1.1119,1.0506,2.1784,2.0057,0.39168,0.5208,0.45266,0,1.4706
0,0,0,0,0,0,0,0,0.12367,0.68192,0.51081,2.5233,2.1329,0.57002,0.70306,0.52391,0,1.4011
0,0,0,0,0,0,0,0,0.07943,0.35988,0.25506,2.8486,2.5807,0.89169,1.1004,0.64546,0,1.5632
0,0,0,0,0,0,0,0,0.043234,0.13688,0.12701,3.1454,2.9821,1.2834,1.4821,0.74605,0,1.7718
0,0,0,0,0,0,0,0,0,0.038756,0.066958,3.1634,3.1039,1.6922,1.936,0.82673,0,1.9492
0,0,0,0,0,0,0,0,0,0,0,2.4339,2.8426,2.0106,2.6444,1.0735,0,2.0194
0,0,0,0,0,0,0,0,0,0,0,1.5932,2.5119,2.2454,3.1901,2.2313,0,2.1432
0,0,0,0,0,0,0,0,0,0,0,0.84269,1.9263,2.286,3.5865,3.4568,0,2.188
0.1906,0,0,0,0,0,0,0,0,0,0,0.21686,1.0193,1.9039,3.6394,4.3317,0.052933,2.004
1.5381,0.55927,1.4078,0,0,0,0,0,0,0,0,0.10436,0.57382,0.86626,2.2929,4.9043,0.83402,1.4632
1.5109,1.408,3.6438,0.070928,0.3372,0.028447,0.027793,0.046546,0,0,0,0.060652,0.33841,0.33455,0.53041,3.715,1.5388,0.73464
1.5112,1.626,4.2951,0.36617,1.2353,0.11411,0.18876,0.17843,0,0,0,0,0.073567,0.07794,0.11868,0.8524,1.9631,0.16479
1.5057,1.626,4.3112,0.48112,1.7123,0.16616,0.38563,0.24825,0,0,0,0,0,0,0,0,2.1147,0
1.2237,1.346,3.7586,0.53039,2.0111,0.1946,0.50607,0.27152,0,0,0,0,0,0,0,0,1.9475,0
0.77376,0.93437,2.8481,0.60166,2.3856,0.25182,0.69483,0.31807,0,0,0,0,0,0,0,0,1.6722,0
0.32854,0.54397,1.9415,0.67294,2.8083,0.37854,0.92818,0.38789,0,0,0,0,0,0,0,0,1.4386,0
0.13003,0.25477,1.1143,0.80082,3.2683,0.60902,1.2559,0.48195,0,0,0,0,0,0,0,0,1.3763,0
0.051914,0.11415,0.51555,0.91961,3.6774,1.0047,1.7533,0.60704,0,0,0,0,0,0,0,0,1.4985,0
0,0.05678,0.16929,0.88467,3.6182,1.4136,2.264,0.81699,0,0,0,0,0,0,0,0,1.6262,0
0,0.020594,0.092338,0.7257,2.9312,1.7876,2.5642,1.4323,0,0,0,0,0,0,0,0,1.7231,0
0,0,0.061559,0.48147,2.1586,2.0275,2.8028,2.3254,0,0,0,0,0,0,0,0,1.8015,0
0,0,0,0.18029,1.2495,1.9198,2.9612,3.265,0,0,0,0,0,0,0,0,1.7641,0
0,0,0,0.092241,0.4633,1.1595,2.4557,4.067,0.18048,0.09812,0.067648,0,0,0,0,0,1.4806,0.084379
0,0,0,0.086651,0.29498,0.38985,0.76866,4.1994,1.3244,1.924,2.1482,0.44794,0.27955,0.042603,0.03278,0.080158,0.91366,1.3648
0,0,0,0.027253,0.094306,0.1432,0.099882,1.442,1.2033,2.0368,2.795,1.2825,1.4048,0.19188,0.19753,0.28134,0.27544,1.8817
0,0,0,0,0,0,0,0.046546,1.0612,1.9006,2.8136,1.5444,2.1487,0.29888,0.55499,0.39241,0.0065908,2.079
0,0,0,0,0,0,0,0,0.64449,1.454,2.1775,1.6901,2.4936,0.49902,1.0018,0.48357,0,1.9712
0,0,0,0,0,0,0,0,0.25237,0.86063,1.326,1.7487,2.6678,0.65589,1.2066,0.54382,0,1.6857
0,0,0,0,0,0,0,0,0.10356,0.37987,0.62781,1.8172,2.8603,0.86758,1.4304,0.61559,0,1.5434
0,0,0,0,0,0,0,0,0.055299,0.12396,0.25472,1.8948,3.1916,1.1285,1.7602,0.69523,0,1.5979
0,0,0,0,0,0,0,0,0.015584,0.058134,0.10492,2.0015,3.3841,1.4389,2.1499,0.80682,0,1.7599
0,0,0,0,0,0,0,0,0,0,0.059365,1.8849,3.1045,1.7738,2.6145,1.0368,0,1.8896
0,0,0,0,0,0,0,0,0,0,0,1.4085,2.7726,2.0109,3.1214,1.9076,0,2.0287
0,0,0,0,0,0,0,0,0,0,0,0.79525,2.3765,2.0109,3.5634,3.0093,0,2.1097
0,0,0,0,0,0,0,0,0,0,0,0.226,1.672,1.7081,3.9273,3.9686,0,2.0635
0.062544,0,0,0,0,0,0,0,0,0,0,0.069123,0.79452,1.1123,3.8214,4.6984,0.01737,1.876
1.6734,0.50543,1.192,0,0,0,0,0,0,0,0,0.069123,0.5444,0.54955,2.2858,5.0547,0.81665,1.405
1.7129,1.7472,3.7754,0.1422,0.29498,0.034265,0.031847,0.062062,0,0,0,0.017281,0.33841,0.31308,0.53832,3.693,1.713,0.72048
1.6039,2.0129,4.1902,0.59048,1.1783,0.1487,0.14823,0.20946,0,0,0,0,0.073567,0.056804,0.1119,0.76596,2.0976,0.14748
1.5658,2.0253,4.0069,0.70019,1.4491,0.20559,0.23682,0.27928,0,0,0,0,0,0,0,0.039817,2.1524,0.005201
1.2128,1.7572,3.1542,0.86371,1.357,0.22887,0.24088,0.28704,0,0,0,0,0,0,0,0,1.852,0
0.7441,1.3801,2.1073,1.1303,1.357,0.31518,0.26519,0.32582,0,0,0,0,0,0,0,0,1.5103,0
0.36488,1.005,1.4627,1.3616,1.5983,0.49329,0.38534,0.39564,0,0,0,0,0,0,0,0,1.3428,0
0.19826,0.68783,1.0538,1.6303,2.0797,0.79554,0.58713,0.48195,0,0,0,0,0,0,0,0,1.3796,0
0.11421,0.43747,0.72226,1.9503,2.5627,1.2083,0.85696,0.58377,0,0,0,0,0,0,0,0,1.5222,0
0.051914,0.22388,0.33857,2.2124,2.9761,1.595,1.1546,0.70013,0,0,0,0,0,0,0,0,1.6522,0
0,0.093261,0.11542,2.1907,3.0205,2.0091,1.5868,0.8165,0,0,0,0,0,0,0,0,1.7717,0
0,0.057074,0.061559,1.567,2.5737,2.3388,2.0072,1.2286,0,0,0,0,0,0,0,0,1.8023,0
0,0.020594,0,0.91717,2.0336,2.5463,2.3642,2.1523,0,0,0,0,0,0,0,0,1.8458,0
0,0,0,0.38259,1.2271,2.4422,2.6163,3.1462,0,0,0,0,0,0,0,0,1.8134,0
0,0,0,0.16911,0.44247,1.4977,2.0228,4.0073,0.32023,0.223,0.2699,0,0,0,0,0,1.4538,0.19032
0,0,0,0.12578,0.2736,0.45321,0.48407,4.1155,1.1017,1.5447,2.2869,0.38288,0.50026,0.056474,0.052278,0.11054,0.85276,1.2714
0,0,0,0.048916,0.083888,0.16034,0.068036,1.3217,1.1548,1.6917,2.9251,0.88606,1.4972,0.14928,0.2303,0.25095,0.25745,1.7433
0,0,0,0,0,0,0,0.046546,1.1548,1.7542,3.009,1.1568,1.9263,0.22755,0.45496,0.33268,0.0065908,1.9597
0,0,0,0,0,0,0,0,0.80863,1.481,2.4657,1.4085,2.2765,0.39168,0.78727,0.42227,0,1.9147
0,0,0,0,0,0,0,0,0.37302,0.99935,1.6211,1.5739,2.5107,0.56309,1.0323,0.504,0,1.6877
0,0,0,0,0,0,0,0,0.1478,0.55058,0.83076,1.8365,2.7902,0.79526,1.2586,0.60512,0,1.5715
0,0,0,0,0,0,0,0,0.07943,0.21562,0.35998,2.1391,3.1569,1.1285,1.5717,0.73609,0,1.6507
0,0,0,0,0,0,0,0,0.027398,0.07136,0.13461,2.484,3.2787,1.4634,1.8744,0.82673,0,1.7981
0,0,0,0,0,0,0,0,0,0,0.066958,2.5037,2.965,1.79,2.2327,0.90741,0,1.8939
0,0,0,0,0,0,0,0,0,0,0,1.9148,2.5283,2.116,2.7309,1.5387,0,1.9815
0,0,0,0,0,0,0,0,0,0,0,1.2249,2.117,2.2616,3.1214,2.6573,0,2.0652
0,0,0,0,0,0,0,0,0,0,0,0.52316,1.5131,2.1724,3.4574,3.6904,0,2.0511
0.26056,0,0,0,0,0,0,0,0,0,0,0.13858,0.7651,1.7002,3.274,4.4506,0.072362,1.8435
2.0261,1.0347,2.0545,0,0,0,0,0,0,0,0,0.10436,0.5444,0.7761,1.7692,4.9902,1.2074,1.3255
1.6476,1.8308,3.9656,0.29524,0.51649,0.07435,0.055876,0.10861,0,0,0,0.034561,0.29427,0.27742,0.38912,3.0025,1.8303,0.58511
1.5057,1.8979,4.0156,0.73408,1.3916,0.20624,0.23277,0.26376,0,0,0,0,0.029427,0.021136,0.059342,0.42332,2.1041,0.077468
1.2899,1.7796,3.5526,1.0108,1.7468,0.33813,0.41777,0.35686,0,0,0,0,0,0,0,0,2.1096,0
0.78365,1.3857,2.4886,1.3406,1.942,0.5851,0.5466,0.43443,0,0,0,0,0,0,0,0,1.8515,0
0.32335,0.8873,1.4806,1.581,2.0917,0.81397,0.6378,0.49795,0,0,0,0,0,0,0,0,1.5547,0
0.14585,0.48484,0.83559,1.7589,2.2738,1.0571,0.78574,0.5605,0,0,0,0,0,0,0,0,1.4382,0
0.072679,0.26007,0.40783,1.9364,2.4854,1.357,0.9525,0.64583,0,0,0,0,0,0,0,0,1.4582,0
0.020765,0.13504,0.16929,2.1083,2.5748,1.6567,1.1436,0.71565,0,0,0,0,0,0,0,0,1.5315,0
0,0.072373,0.076948,2.044,2.5632,1.9893,1.4806,0.80098,0,0,0,0,0,0,0,0,1.6416,0
0,0.051779,0.030779,1.588,2.3516,2.3194,1.8871,1.2286,0,0,0,0,0,0,0,0,1.7387,0
0,0,0,1.13,1.9996,2.5919,2.2032,2.0335,0,0,0,0,0,0,0,0,1.8333,0
0,0,0,0.6104,1.3592,2.6895,2.4366,2.9125,0,0,0,0,0,0,0,0,1.8515,0
0,0,0,0.24598,0.58996,2.3003,2.2652,3.7087,0,0,0,0,0,0,0,0,1.673,0
0,0,0,0.18029,0.3372,1.0215,1.0084,4.6294,0.84206,0.97167,1.0161,0.12198,0.10299,0.014201,0.019781,0.029863,1.1892,0.69516
0,0,0,0.11984,0.17874,0.30386,0.16444,2.6628,1.3146,1.7963,2.8785,0.80304,1.0529,0.12781,0.21081,0.22109,0.52651,1.7193
0,0,0,0.010831,0,0.039761,0.0078169,0.27976,1.2762,1.7612,3.1208,1.1087,1.7833,0.28468,0.77201,0.3725,0.05204,2.084
0,0,0,0,0,0,0,0,1.0311,1.5512,2.8236,1.2828,2.1805,0.51322,1.1764,0.48357,0,2.1527
0,0,0,0,0,0,0,0,0.54696,1.039,2.0526,1.3404,2.546,0.67009,1.4598,0.55377,0,1.9186
0,0,0,0,0,0,0,0,0.20813,0.53735,1.1193,1.3991,2.8426,0.83522,1.6692,0.61559,0,1.669
0,0,0,0,0,0,0,0,0.087473,0.18301,0.42798,1.5251,3.1569,1.112,1.9741,0.69523,0,1.6238
0,0,0,0,0,0,0,0,0.027398,0.045215,0.13461,1.5736,3.3664,1.4386,2.4325,0.85712,0,1.7526
0,0,0,0,0,0,0,0,0,0,0.066958,1.4377,3.1569,1.7738,2.9931,1.0253,0,1.8971
0,0,0,0,0,0,0,0,0,0,0,1.0795,2.7902,2.0109,3.5026,1.863,0,2.0508
0,0,0,0,0,0,0,0,0,0,0,0.62007,2.2617,2.0595,3.829,2.8396,0,2.1132
0,0,0,0,0,0,0,0,0,0,0,0.1911,1.5449,1.9211,4.0409,3.7334,0,2.0826
0,0,0,0,0,0,0,0,0,0,0,0.077932,0.72096,1.4878,3.8592,4.5365,0,1.935
1.0632,0.22594,0.39593,0,0,0,0,0,0,0,0,0.069123,0.58854,0.91745,2.6679,5.0767,0.42573,1.5817
1.7784,1.6331,3.491,0.076518,0.15791,0.017133,0.01187,0.031031,0,0,0,0.051842,0.42669,0.39895,0.85905,4.6366,1.6059,0.95644
1.5332,1.9099,4.2549,0.58,1.2265,0.16583,0.18442,0.21722,0,0,0,0,0.13242,0.14201,0.23059,1.5136,2.0839,0.29837
1.4227,1.9158,3.974,0.89865,1.7123,0.321,0.41777,0.34134,0,0,0,0,0,0,0.012999,0.090112,2.2288,0.014919
1.0047,1.6037,3.0576,1.1652,1.942,0.53338,0.55876,0.41892,0,0,0,0,0,0,0,0,2.0307,0
0.48255,1.1218,1.9415,1.3682,2.1032,0.7422,0.64706,0.48195,0,0,0,0,0,0,0,0,1.6884,0
0.19801,0.67724,1.1294,1.4958,2.2178,0.93228,0.76142,0.52171,0,0,0,0,0,0,0,0,1.4588,0
0.083062,0.36951,0.66175,1.5953,2.441,1.176,0.92818,0.59928,0,0,0,0,0,0,0,0,1.413,0
0.051914,0.19241,0.31549,1.7162,2.6636,1.433,1.1242,0.67686,0,0,0,0,0,0,0,0,1.4588,0
0,0.10356,0.13851,1.8511,2.7974,1.7437,1.4012,0.74668,0,0,0,0,0,0,0,0,1.5737,0
0,0.062076,0.069253,1.6876,2.6855,2.1115,1.8063,0.96244,0,0,0,0,0,0,0,0,1.709,0
0,0.030891,0,1.2777,2.3851,2.4232,2.1485,1.6369,0,0,0,0,0,0,0,0,1.8128,0
0,0,0,0.79698,1.919,2.6116,2.4658,2.4728,0,0,0,0,0,0,0,0,1.8864,0
0,0,0,0.36058,1.1158,2.5078,2.6517,3.314,0,0,0,0,0,0,0,0,1.8412,0
0,0,0,0.1747,0.44247,1.5807,2.0223,4.0568,0.15861,0.10489,0.090082,0,0,0,0,0,1.4794,0.084379
0,0,0,0.13661,0.2736,0.5017,0.53213,4.2003,1.2083,1.6843,2.4005,0.44421,0.45611,0.056474,0.05906,0.11054,0.8886,1.3629
0,0,0,0.065337,0.094306,0.17747,0.079906,1.3746,1.1741,1.7126,3.0742,0.98262,1.4972,0.15654,0.31649,0.25095,0.27592,1.8247
0,0,0,0,0,0.011314,0,0.062062,1.0565,1.6634,2.9717,1.2832,2.0216,0.30615,0.73471,0.38245,0.011191,2.0325
0,0,0,0,0,0,0,0,0.66158,1.3491,2.2762,1.6125,2.3577,0.57002,1.1009,0.504,0,1.982
0,0,0,0,0,0,0,0,0.26443,0.85386,1.3606,1.7975,2.6331,0.77082,1.3033,0.58468,0,1.7527
0,0,0,0,0,0,0,0,0.1116,0.39956,0.61263,1.9822,2.9127,1.0142,1.5344,0.65541,0,1.6471
0,0,0,0,0,0,0,0,0.055299,0.12396,0.22469,2.0801,3.1746,1.2669,1.821,0.71514,0,1.6734
0,0,0,0,0,0,0,0,0.0077922,0.012919,0.09733,2.0215,3.2446,1.5284,2.2104,0.79687,0,1.7659
0,0,0,0,0,0,0,0,0,0,0.059365,1.7101,3.0168,1.79,2.732,1.0028,0,1.8715
0,0,0,0,0,0,0,0,0,0,0,1.2249,2.6684,2.003,3.2206,1.7719,0,1.9841
0,0,0,0,0,0,0,0,0,0,0,0.74679,2.2288,2.0436,3.5713,2.7112,0,2.0525
0,0,0,0,0,0,0,0,0,0,0,0.2958,1.672,1.9046,3.8897,3.627,0,2.0646
0.088501,0,0,0,0,0,0,0,0,0,0,0.086742,0.8981,1.4303,3.9352,4.3862,0.024578,1.9443
1.6249,0.55427,1.3858,0,0,0,0,0,0,0,0,0.069123,0.60325,0.77775,2.7812,4.8823,0.85262,1.5565
1.4939,1.6093,3.5274,0.19147,0.35803,0.051398,0.0359,0.06982,0,0,0,0.034561,0.38255,0.34875,0.78699,4.1316,1.5946,0.85399
1.4061,1.749,3.9821,0.60725,1.3142,0.17165,0.19253,0.22497,0,0,0,0,0.13242,0.092472,0.17096,1.2018,1.9781,0.23295
1.4004,1.7775,3.9821,0.71696,1.7008,0.22887,0.36942,0.29479,0,0,0,0,0,0,0,0.06968,2.1172,0.0091018
1.131,1.5701,3.3165,0.85672,1.7693,0.29223,0.42993,0.32582,0,0,0,0,0,0,0,0,1.9315,0
0.70454,1.1977,2.3602,1.0244,1.9536,0.43575,0.53039,0.38013,0,0,0,0,0,0,0,0,1.6565,0
0.3545,0.81081,1.7446,1.102,2.2282,0.59092,0.68499,0.44219,0,0,0,0,0,0,0,0,1.4762,0
0.19282,0.5372,1.2494,1.2285,2.5523,0.81397,0.8807,0.50571,0,0,0,0,0,0,0,0,1.4385,0
0.093445,0.31214,0.79816,1.4392,2.9202,1.1563,1.1245,0.60704,0,0,0,0,0,0,0,0,1.5021,0
0.025957,0.16122,0.35396,1.6237,3.1987,1.5445,1.4487,0.70789,0,0,0,0,0,0,0,0,1.6057,0
0,0.072373,0.13081,1.581,3.1433,1.9386,1.8494,0.88002,0,0,0,0,0,0,0,0,1.7217,0
0,0.030891,0.069253,1.2351,2.6197,2.2932,2.1705,1.5035,0,0,0,0,0,0,0,0,1.8062,0
0,0,0.01539,0.77042,2.0451,2.5334,2.4713,2.4175,0,0,0,0,0,0,0,0,1.8769,0
0,0,0,0.34975,1.204,2.4817,2.6343,3.3043,0,0,0,0,0,0,0,0,1.8391,0
0,0,0,0.14186,0.4633,1.561,2.169,4.0466,0.23879,0.17686,0.15773,0,0,0,0,0,1.5048,0.13564
0,0,0,0.12019,0.28401,0.50816,0.66386,4.387,1.1598,1.6145,2.2886,0.43507,0.5444,0.063739,0.05906,0.1205,0.94572,1.3232
0,0,0,0.059747,0.094306,0.20042,0.095829,1.714,1.1311,1.6007,2.8322,0.92468,1.6402,0.16381,0.28993,0.25095,0.33153,1.7401
0,0,0,0,0,0.011314,0,0.10085,1.0746,1.5302,2.9158,1.0795,2.2959,0.24901,0.75902,0.35259,0.016683,1.9776
0,0,0,0,0,0,0,0,0.76514,1.2331,2.5389,1.2439,2.8603,0.44882,1.236,0.46314,0,2.0227
0,0,0,0,0,0,0,0,0.36498,0.78742,1.7865,1.2825,3.244,0.59875,1.4751,0.53386,0,1.816
0,0,0,0,0,0,0,0,0.13573,0.35988,0.90738,1.3794,3.5583,0.7946,1.7297,0.60512,0,1.6519
0,0,0,0,0,0,0,0,0.063343,0.091046,0.32271,1.438,3.8902,1.0387,2.0888,0.69523,0,1.6562
0,0,0,0,0,0,0,0,0.015584,0.012919,0.10492,1.3699,3.8549,1.3323,2.5492,0.82673,0,1.7542
0,0,0,0,0,0,0,0,0,0,0.066958,1.1568,3.3664,1.5856,3.0527,1.2715,0,1.8723
0,0,0,0,0,0,0,0,0,0,0,0.81931,2.8597,1.7249,3.3735,2.0909,0,1.9455
0,0,0,0,0,0,0,0,0,0,0,0.44388,2.3277,1.7249,3.6168,2.9239,0,1.9756
0,0,0,0,0,0,0,0,0,0,0,0.13011,1.672,1.5449,3.8671,3.7653,0,1.9692
0.072926,0,0,0,0,0,0,0,0,0,0,0.017281,0.8828,1.1533,3.8974,4.5475,0.020253,1.883
1.7619,0.79727,1.7006,0,0,0,0,0,0,0,0,0,0.61796,0.66183,2.7586,5.0222,1.0092,1.5331
1.5104,1.807,3.5753,0.4046,0.56858,0.091482,0.063983,0.13188,0,0,0,0.017281,0.38255,0.32035,0.7576,4.0456,1.7469,0.82628
1.4279,1.8855,3.7327,0.82178,1.3916,0.22919,0.24059,0.28704,0,0,0,0,0.13242,0.07794,0.15796,1.0258,2.0513,0.2038
1.3342,1.8614,3.5025,0.99648,1.6778,0.32682,0.37753,0.3491,0,0,0,0,0,0,0.012999,0.039817,2.1067,0.008349
0.90058,1.531,2.5519,1.2844,1.8039,0.52174,0.46988,0.4034,0,0,0,0,0,0,0,0,1.8659,0
0.40592,1.0635,1.5652,1.5597,1.9075,0.74899,0.54255,0.48195,0,0,0,0,0,0,0,0,1.5694,0
0.16143,0.62046,0.88875,1.7589,2.0917,0.99822,0.67573,0.52946,0,0,0,0,0,0,0,0,1.4188,0
0.083062,0.35951,0.51555,1.9364,2.3516,1.306,0.86188,0.6148,0,0,0,0,0,0,0,0,1.4519,0
0.03634,0.1977,0.23854,2.1303,2.6192,1.6069,1.081,0.69238,0,0,0,0,0,0,0,0,1.5453,0
0,0.098262,0.11542,2.175,2.7195,1.9195,1.3642,0.76995,0,0,0,0,0,0,0,0,1.6537,0
0,0.067371,0.046169,1.8511,2.5073,2.2415,1.731,0.93675,0,0,0,0,0,0,0,0,1.7217,0
0,0.020594,0,1.2987,2.1487,2.5007,2.0558,1.5564,0,0,0,0,0,0,0,0,1.7681,0
0,0,0,0.77217,1.7129,2.6119,2.3352,2.3807,0,0,0,0,0,0,0,0,1.8118,0
0,0,0,0.32808,0.99514,2.4167,2.5118,3.1841,0,0,0,0,0,0,0,0,1.7488,0
0,0,0,0.15793,0.40025,1.4139,1.9991,3.9133,0.35894,0.39494,0.32271,0,0,0,0,0,1.4096,0.24958
0,0,0,0.12578,0.2736,0.44157,0.54168,3.8876,1.2226,1.9353,2.6027,0.67496,0.64739,0.085206,0.07884,0.14093,0.83168,1.5463
0,0,0,0.054506,0.062505,0.17165,0.068036,1.2335,1.1115,1.9015,2.8039,1.2439,1.5767,0.19188,0.23709,0.28134,0.24578,1.8501
0,0,0,0,0,0.011314,0,0.038789,0.90917,1.7966,2.5206,1.6223,2.0693,0.29888,0.47502,0.38245,0.0078953,1.9422
0,0,0,0,0,0,0,0,0.50448,1.4395,1.7951,2.0117,2.26,0.47722,0.72595,0.48357,0,1.8205
0,0,0,0,0,0,0,0,0.19606,0.94645,0.94051,2.3952,2.3235,0.68627,0.85622,0.56425,0,1.6276
0,0,0,0,0,0,0,0,0.095517,0.49152,0.36758,2.83,2.373,0.9409,1.017,0.64546,0,1.5813
0,0,0,0,0,0,0,0,0.055299,0.18301,0.15704,3.1901,2.4754,1.2018,1.2213,0.71514,0,1.6573
0,0,0,0,0,0,0,0,0.015584,0.064593,0.082144,3.4741,2.5283,1.463,1.4228,0.767,0,1.7785
0,0,0,0,0,0,0,0,0,0,0.044523,3.5032,2.4583,1.7576,1.6619,0.767,0,1.8691
0,0,0,0,0,0,0,0,0,0,0,2.9465,2.2759,2.0677,2.0739,0.85712,0,1.9024
0,0,0,0,0,0,0,0,0,0,0,2.091,2.1329,2.3181,2.6,1.5738,0,1.9859
0,0,0,0,0,0,0,0,0,0,0,1.3021,1.8786,2.4307,3.0527,2.7862,0,2.0883
0,0,0,0,0,0,0,0,0,0,0,0.55027,1.3707,2.326,3.4116,3.8832,0,2.0859
1.2551,0.45512,0.76668,0,0,0,0,0,0,0,0,0.16467,0.72096,1.5126,3.2067,4.5371,0.60526,1.7998
1.5216,1.6037,3.2024,0.20195,0.28401,0.051398,0.027793,0.06982,0,0,0,0.1213,0.50026,0.50793,1.2883,4.6879,1.528,1.1123
1.3952,1.7099,3.5256,0.62927,1.0796,0.15452,0.10828,0.20946,0,0,0,0.017281,0.20599,0.19188,0.26337,1.9322,1.8255,0.38337
1.3784,1.7887,3.42,0.82178,1.4491,0.22887,0.22061,0.27928,0,0,0,0,0,0,0.019781,0.17079,1.9549,0.0271
1.0983,1.654,2.8639,1.123,1.6668,0.37272,0.34915,0.36461,0,0,0,0,0,0,0,0,1.8961,0
0.6593,1.3062,1.9965,1.4322,1.8499,0.59674,0.4499,0.41892,0,0,0,0,0,0,0,0,1.6856,0
0.29714,0.89318,1.2801,1.7019,2.0342,0.82043,0.5466,0.49019,0,0,0,0,0,0,0,0,1.5046,0
0.16143,0.57516,0.8132,1.9147,2.2288,1.0574,0.65633,0.54498,0,0,0,0,0,0,0,0,1.4514,0
0.093445,0.35951,0.47708,2.1383,2.4404,1.3124,0.79964,0.60704,0,0,0,0,0,0,0,0,1.4836,0
0.051914,0.1977,0.20776,2.437,2.5742,1.5882,0.94266,0.68462,0,0,0,0,0,0,0,0,1.5603,0
0,0.098262,0.092338,2.5723,2.6296,1.9257,1.1838,0.74668,0,0,0,0,0,0,0,0,1.6712,0
0,0.057074,0.030779,2.3025,2.4519,2.2738,1.5124,0.80874,0,0,0,0,0,0,0,0,1.7349,0
0,0.020594,0,1.6659,2.1257,2.6048,1.8656,1.3343,0,0,0,0,0,0,0,0,1.7829,0
0,0,0,0.95071,1.5407,2.7994,2.1488,2.289,0,0,0,0,0,0,0,0,1.808,0
0,0,0,0.35534,0.7062,2.4817,2.1378,3.2355,0.14026,0.13072,0.067648,0,0,0,0,0,1.6504,0.080684
0,0,0,0.18588,0.31581,1.0092,0.92905,4.276,0.89183,1.2949,1.7461,0.2609,0.32369,0.035337,0.025998,0.049771,1.1162,0.98758
0,0,0,0.11984,0.14694,0.27509,0.14389,2.2342,0.98332,1.4392,2.5844,0.71698,1.3424,0.12814,0.20402,0.20118,0.45085,1.5035
0,0,0,0.010831,0,0.039761,0,0.27201,1.0359,1.4887,2.8878,0.90503,1.9898,0.19914,0.55923,0.29129,0.049088,1.8147
0,0,0,0,0,0,0,0,0.81742,1.3555,2.5751,1.1958,2.4601,0.39895,1.0167,0.4228,0,1.9464
0,0,0,0,0,0,0,0,0.40167,0.92645,1.822,1.3892,2.8779,0.60602,1.3182,0.52391,0,1.8052
0,0,0,0,0,0,0,0,0.13976,0.44539,0.91566,1.603,3.1916,0.8841,1.602,0.61507,0,1.6651
0,0,0,0,0,0,0,0,0.067365,0.13688,0.33789,1.7586,3.5059,1.1935,1.9589,0.71566,0,1.6938
0,0,0,0,0,0,0,0,0.027398,0.038756,0.11976,1.846,3.5236,1.5122,2.3378,0.83668,0,1.8112
0,0,0,0,0,0,0,0,0,0,0.066958,1.7877,3.1216,1.8148,2.7018,1.0572,0,1.9058
0,0,0,0,0,0,0,0,0,0,0,1.4865,2.6508,2.0595,2.9841,1.7488,0,1.9863
0,0,0,0,0,0,0,0,0,0,0,1.0799,2.2288,2.1969,3.2587,2.6363,0,2.066
0,0,0,0,0,0,0,0,0,0,0,0.55806,1.7356,2.2454,3.5863,3.5102,0,2.1068
0,0,0,0,0,0,0,0,0,0,0,0.13892,0.98874,2.0103,3.6546,4.2898,0,2.005
1.1362,0.43659,0.71457,0,0,0,0,0,0,0,0,0.10436,0.61796,1.2589,2.8405,4.7959,0.55768,1.6682
1.5653,1.4807,3.4375,0.098181,0.29498,0.034265,0.027793,0.046546,0,0,0,0.086742,0.4414,0.49968,1.0083,4.9158,1.5317,1.0587
1.4336,1.5813,3.924,0.47029,1.2468,0.14288,0.16444,0.19394,0,0,0,0,0.20599,0.19881,0.27665,1.9647,1.8827,0.38878
1.4724,1.654,4.0573,0.62892,1.7008,0.20559,0.36942,0.27152,0,0,0,0,0,0,0.03278,0.20118,2.0975,0.034217
1.3065,1.4807,3.7743,0.67294,1.942,0.2405,0.49796,0.31031,0,0,0,0,0,0,0,0,2.0377,0
0.90973,1.1165,3.0328,0.73374,2.2507,0.30936,0.63375,0.35686,0,0,0,0,0,0,0,0,1.801,0
0.50332,0.72314,2.249,0.77986,2.5523,0.40731,0.80456,0.39564,0,0,0,0,0,0,0,0,1.5561,0
0.22422,0.41158,1.5648,0.84275,2.9312,0.56215,1.0379,0.44995,0,0,0,0,0,0,0,0,1.4273,0
0.11421,0.208,0.9636,0.96853,3.3599,0.8269,1.3483,0.54498,0,0,0,0,0,0,0,0,1.4529,0
0.03634,0.10356,0.4386,1.0733,3.7486,1.176,1.7851,0.66135,0,0,0,0,0,0,0,0,1.5674,0
0,0.051779,0.1462,0.98949,3.7245,1.5384,2.2808,0.84026,0,0,0,0,0,0,0,0,1.6881,0
0,0,0.069253,0.74107,3.0545,1.8749,2.6224,1.4672,0,0,0,0,0,0,0,0,1.7695,0
0,0,0.030779,0.43745,2.3056,2.0339,2.9198,2.3438,0,0,0,0,0,0,0,0,1.8369,0
0,0,0,0.15269,1.3164,1.7627,3.1036,3.2238,0,0,0,0,0,0,0,0,1.7617,0
0,0,0,0.092241,0.47372,0.87894,2.449,3.8779,0.64474,0.74221,0.85009,0.078271,0.058854,0,0,0.019909,1.394,0.53447
0,0,0,0.086651,0.2736,0.32682,0.58858,3.4818,1.0504,1.7406,2.4022,0.8969,0.88457,0.12781,0.1249,0.21114,0.75328,1.5179
0,0,0,0.027253,0.072922,0.1028,0.059929,0.98378,1.0452,1.7892,2.6942,1.2439,1.672,0.21335,0.32949,0.30177,0.18983,1.8259
0,0,0,0,0,0,0,0.015515,1.0145,1.7333,2.7491,1.3116,2.0216,0.25595,0.59342,0.36255,0.0021969,1.951
0,0,0,0,0,0,0,0,0.69099,1.3768,2.3018,1.3991,2.2923,0.39895,0.95569,0.4427,0,1.8719
0,0,0,0,0,0,0,0,0.35693,0.93322,1.6991,1.4573,2.5631,0.56309,1.214,0.52391,0,1.7132
0,0,0,0,0,0,0,0,0.16389,0.57027,1.102,1.5935,2.8779,0.77907,1.4672,0.60512,0,1.6423
0,0,0,0,0,0,0,0,0.091495,0.26822,0.61781,1.7877,3.3488,1.0631,1.8057,0.69523,0,1.7059
0,0,0,0,0,0,0,0,0.051278,0.091046,0.23987,1.9822,3.7684,1.3815,2.1801,0.81678,0,1.8412
0,0,0,0,0,0,0,0,0.0077922,0.025837,0.089737,1.8365,3.5583,1.6675,2.6218,0.92732,0,1.9119
0,0,0,0,0,0,0,0,0,0,0.044523,1.4475,2.9827,1.9459,3.1138,1.4921,0,2.0002
0,0,0,0,0,0,0,0,0,0,0,0.93451,2.5119,2.0516,3.4876,2.4535,0,2.071
0,0,0,0,0,0,0,0,0,0,0,0.35646,1.9104,1.8887,3.8669,3.4782,0,2.0763
0.24053,0,0,0,0,0,0,0,0,0,0,0.077932,0.92989,1.3164,3.9276,4.3002,0.066801,1.9095
1.5984,0.81963,1.8436,0,0,0,0,0,0,0,0,0.034561,0.55911,0.58026,2.7136,4.7094,0.99707,1.4646
1.3947,1.5757,3.4539,0.30607,0.56858,0.079845,0.059929,0.11637,0,0,0,0,0.36783,0.30615,0.72963,3.7234,1.612,0.76927
1.4059,1.6987,3.8659,0.61808,1.4606,0.18878,0.25275,0.24825,0,0,0,0,0.11771,0.07794,0.14468,0.99071,1.9852,0.19428
1.417,1.7099,3.8408,0.68377,1.7808,0.23469,0.42182,0.29479,0,0,0,0,0,0,0,0.039817,2.0954,0.005201
1.083,1.4863,3.1136,0.88467,1.9075,0.37821,0.51823,0.37237,0,0,0,0,0,0,0,0,1.9274,0
0.64497,1.1341,2.1703,1.1163,2.0342,0.5851,0.61001,0.43443,0,0,0,0,0,0,0,0,1.6743,0
0.30777,0.78139,1.5327,1.2634,2.2732,0.76774,0.74724,0.48195,0,0,0,0,0,0,0,0,1.5101,0
0.17725,0.50014,1.0839,1.3826,2.5967,1.0247,0.93774,0.55274,0,0,0,0,0,0,0,0,1.4938,0
0.088253,0.29126,0.71457,1.5457,2.9312,1.325,1.1583,0.64583,0,0,0,0,0,0,0,0,1.551,0
0.03634,0.15063,0.33857,1.6946,3.1768,1.638,1.4594,0.73117,0,0,0,0,0,0,0,0,1.64,0
0,0.067077,0.11542,1.6453,3.0759,1.9829,1.7953,0.85529,0,0,0,0,0,0,0,0,1.7147,0
0,0.030891,0.061559,1.3197,2.6192,2.2738,2.0723,1.3343,0,0,0,0,0,0,0,0,1.7698,0
0,0,0,0.87349,2.1367,2.4619,2.3352,2.0417,0,0,0,0,0,0,0,0,1.8049,0
0,0,0,0.45387,1.4831,2.4684,2.5581,2.8064,0,0,0,0,0,0,0,0,1.8031,0
0,0,0,0.17435,0.65356,1.8788,2.4785,3.4866,0.04801,0.032604,0,0,0,0,0,0,1.5966,0.020325
0,0,0,0.12578,0.35803,0.77356,1.2646,4.196,0.96774,1.4011,1.7419,0.47098,0.41197,0.049538,0.046061,0.11054,1.1279,1.0995
0,0,0,0.09259,0.18916,0.28091,0.1766,2.4796,1.054,1.5795,2.4843,1.0894,1.466,0.17074,0.21081,0.27139,0.49452,1.6433
0,0,0,0.010831,0.020835,0.034265,0.01187,0.34958,0.95291,1.6078,2.4112,1.5542,2.0375,0.30582,0.48943,0.38245,0.064329,1.8779
0,0,0,0,0,0,0,0,0.6651,1.4321,1.9618,1.9632,2.3577,0.51322,0.80253,0.52391,0,1.9285
0,0,0,0,0,0,0,0,0.29661,0.99289,1.2139,2.3065,2.5107,0.73944,0.99412,0.58468,0,1.7705
0,0,0,0,0,0,0,0,0.12769,0.53059,0.55775,2.6419,2.6155,0.95708,1.1388,0.65541,0,1.6608
0,0,0,0,0,0,0,0,0.083452,0.22239,0.21709,2.8947,2.7902,1.2018,1.3406,0.72561,0,1.6928
0,0,0,0,0,0,0,0,0.043234,0.091046,0.11217,3.1095,2.8768,1.4386,1.5494,0.77696,0,1.7916
0,0,0,0,0,0,0,0,0.0077922,0.025837,0.066958,3.2708,2.825,1.6922,1.7297,0.80682,0,1.8852
0,0,0,0,0,0,0,0,0,0,0,3.056,2.5631,1.9211,1.997,0.81678,0,1.9036
0,0,0,0,0,0,0,0,0,0,0,2.4444,2.2923,2.1645,2.374,0.99124,0,1.9131
0,0,0,0,0,0,0,0,0,0,0,1.7779,2.0534,2.3422,2.7826,1.6786,0,1.9763
0,0,0,0,0,0,0,0,0,0,0,1.1666,1.7833,2.4069,3.1443,2.6258,0,2.0462
0.18565,0.020594,0,0,0,0,0,0,0,0,0,0.60347,1.2924,2.3263,3.3579,3.4463,0.056365,2.0176
1.3396,0.96644,1.8286,0.010831,0.031252,0,0,0,0,0,0,0.16467,0.70624,1.4799,3.131,4.054,0.96254,1.7098
1.1574,1.4919,3.2427,0.49789,0.81256,0.12575,0.083959,0.17067,0,0,0,0.10402,0.4414,0.46335,1.3185,4.2253,1.5764,1.0396
1.1021,1.5757,3.2993,0.81759,1.5182,0.246,0.27678,0.29479,0,0,0,0.017281,0.20599,0.17074,0.25037,1.8085,1.8318,0.35969
1.0049,1.5981,3.0485,1.1513,1.873,0.47034,0.47799,0.4034,0,0,0,0,0.029427,0.014201,0.019781,0.16084,1.9815,0.032164
0.71443,1.3745,2.4875,1.4531,2.1948,0.7561,0.62882,0.49795,0,0,0,0,0,0,0,0,1.948,0
0.37032,0.99321,1.682,1.7093,2.3291,1.0247,0.72813,0.5605,0,0,0,0,0,0,0,0,1.762,0
0.18244,0.5981,0.98669,1.8794,2.4185,1.261,0.83785,0.62256,0,0,0,0,0,0,0,0,1.6107,0
0.093445,0.32803,0.57746,1.979,2.5632,1.4702,0.99998,0.69238,0,0,0,0,0,0,0,0,1.5731,0
0.046722,0.19211,0.28471,2.0499,2.6861,1.6693,1.1876,0.76995,0,0,0,0,0,0,0,0,1.598,0
0,0.11415,0.13851,2.0932,2.7085,1.881,1.3694,0.82426,0,0,0,0,0,0,0,0,1.6452,0
0,0.067371,0.076948,2.0789,2.5742,2.0792,1.5124,0.89408,0,0,0,0,0,0,0,0,1.6885,0
0,0.051779,0.030779,1.8581,2.3516,2.2479,1.6664,1.0681,0,0,0,0,0,0,0,0,1.7015,0
0,0.030891,0,1.545,2.1723,2.3908,1.8274,1.3789,0,0,0,0,0,0,0,0,1.7192,0
0,0,0,1.1652,1.896,2.5007,1.9959,1.8061,0,0,0,0,0,0,0,0,1.7265,0
0,0,0,0.75505,1.4376,2.579,2.1108,2.2977,0,0,0,0,0,0,0,0,1.702,0
0,0,0,0.38818,0.81202,2.4881,2.1053,2.8238,0.05178,0.15041,0.014841,0,0,0,0,0,1.6055,0.050504
0,0,0,0.20195,0.34761,1.6499,1.3662,3.4459,0.78701,1.4263,2.0778,0.63159,0.94931,0.099737,0.1184,0.16084,1.2455,1.2519
0,0,0,0.14186,0.18916,0.40213,0.24869,2.8825,0.74327,1.4183,2.3929,1.1276,2.25,0.28468,0.89183,0.3725,0.60409,1.8054
0,0,0,0.048916,0.020835,0.080168,0.02374,0.58765,0.63846,1.3272,2.3559,1.3404,2.8426,0.55582,1.5418,0.52391,0.11809,2.0945
0,0,0,0,0,0,0,0,0.53163,1.2313,2.1392,1.4187,3.1045,0.65556,1.7218,0.58468,0,2.1195
0,0,0,0,0,0,0,0,0.30867,0.93999,1.638,1.438,3.1922,0.71401,1.8362,0.62555,0,1.9539
0,0,0,0,0,0,0,0,0.15584,0.62932,1.0934,1.5058,3.3311,0.82696,2.0046,0.67532,0,1.8357
0,0,0,0,0,0,0,0,0.10356,0.40602,0.70375,1.603,3.6107,0.98185,2.2705,0.756,0,1.8537
0,0,0,0,0,0,0,0,0.07943,0.26822,0.51047,1.7779,3.8373,1.1691,2.5636,0.85659,0,1.9628
0,0,0,0,0,0,0,0,0.059321,0.13718,0.30787,1.8948,4.065,1.3653,2.8561,0.96818,0,2.0641
0,0,0,0,0,0,0,0,0.03519,0.064593,0.1422,1.8656,4.065,1.5122,3.1443,1.073,0,2.1166
0,0,0,0,0,0,0,0,0,0.012919,0.074551,1.5739,3.6984,1.6021,3.404,1.2354,0,2.0833
0,0,0,0,0,0,0,0,0,0,0.044523,1.2635,3.244,1.651,3.48,1.5272,0,2.0256
0,0,0,0,0,0,0,0,0,0,0,1.0019,3.0521,1.6262,3.4577,1.7017,0,1.9539
0,0.010297,0,0.049265,0.2736,0.022951,0.015923,0.023273,0,0,0,0.85692,2.8773,1.6183,3.3884,1.7839,0.058288,1.8966
0.015574,0.1874,0.20007,0.56323,0.87507,0.1487,0.10017,0.17067,0,0,0,0.55705,2.6855,1.4224,3.3808,1.8421,0.38707,1.7789
0.26056,0.70813,1.1598,0.82178,1.2879,0.20592,0.14823,0.24049,0,0,0,0.1911,2.3765,0.9409,3.3045,1.6556,0.90095,1.5264
0.59528,1.0403,1.5558,0.97552,1.3685,0.2405,0.18008,0.27152,0,0,0,0,1.7674,0.38475,3.0075,1.2139,1.2087,1.1721
0.77895,1.2283,1.6656,1.0244,1.2879,0.25214,0.19629,0.28704,0,0,0,0,0.914,0.15654,2.2965,0.59464,1.3332,0.77255
0.99501,1.3745,2.0038,0.98251,1.3225,0.25796,0.22061,0.29479,0,0,0,0,0.4414,0.091811,1.4677,0.30177,1.4979,0.46522
1.2182,1.531,2.3599,0.91263,1.3455,0.2696,0.25304,0.31031,0,0,0,0,0.29427,0.056804,0.9328,0.18127,1.6678,0.29557
1.3784,1.531,2.7754,0.76169,1.4722,0.27509,0.32918,0.30255,0,0,0,0,0.23541,0.014201,0.62112,0.11945,1.7982,0.19634
1.4612,1.4863,3.1049,0.62892,1.6213,0.2974,0.4418,0.28704,0,0,0,0,0.23541,0,0.39562,0.079634,1.8973,0.13358
1.4832,1.436,3.2591,0.5248,1.8039,0.28091,0.51823,0.27928,0,0,0,0,0.14713,0,0.18424,0.019909,1.9378,0.064328
1.4889,1.3801,3.3878,0.42661,2.0342,0.25214,0.59698,0.27928,0,0,0,0,0.11771,0,0.098621,0,1.9738,0.03757
1.4447,1.313,3.428,0.3501,2.3631,0.23469,0.72784,0.27928,0,0,0,0,0.08828,0,0.079123,0,2.0072,0.029427
1.3342,1.2224,3.3074,0.30607,2.6861,0.25214,0.8807,0.29479,0,0,0,0,0,0,0.079123,0,2.0056,0.019162
1.1906,1.1109,3.129,0.28371,2.9756,0.28091,1.0142,0.31031,0,0,0,0,0,0,0.051995,0,1.9765,0.012592
1.0692,1.0226,2.9681,0.25122,3.1543,0.28641,1.1002,0.32582,0,0,0,0,0,0,0.051995,0,1.9304,0.012592
1.0086,0.96379,2.9279,0.18553,3.2662,0.25214,1.1526,0.31031,0,0,0,0,0,0,0.051995,0,1.896,0.012592
0.99773,0.9226,2.9681,0.098181,3.3232,0.1946,1.1476,0.28704,0,0,0,0,0,0,0.051995,0,1.8645,0.012592
1.0032,0.89907,3.0405,0.054506,3.3698,0.14288,1.1337,0.24825,0,0,0.014841,0,0.17656,0,0.065559,0,1.8522,0.03935
0.92283,0.79316,2.9681,0.021663,3.3818,0.10829,1.1242,0.2017,0.059321,0.051982,0.35998,0.1213,0.80924,0.099407,0.15118,0.15036,1.7698,0.29454
0.50183,0.41129,2.377,0,3.3001,0.080168,1.1097,0.1474,0.16389,0.36664,0.95639,0.24396,1.2118,0.14267,0.22381,0.23104,1.4162,0.61995
0.11446,0.098556,0.97829,0,3.043,0.028447,1.1476,0.093093,0.29258,0.60287,1.3077,0.31308,1.5449,0.16348,0.28343,0.25095,0.91922,0.85125
0.03634,0.020594,0.19237,0,2.1904,0,1.167,0,0.54922,0.95321,1.8127,0.40864,1.8468,0.18494,0.37583,0.29129,0.60368,1.1857
0,0,0.10773,0,0.71881,0,1.0524,0,0.78676,1.2319,2.2017,0.49606,2.0693,0.19947,0.46146,0.33268,0.36071,1.4622
0,0,0.061559,0,0.18916,0,0.54168,0,0.91797,1.4183,2.4201,0.56586,2.2282,0.22722,0.5143,0.36255,0.16422,1.6377
0,0,0.01539,0,0.093757,0,0.14012,0,0.97905,1.4887,2.4754,0.60923,2.26,0.22722,0.52786,0.3725,0.04799,1.698
0,0,0,0,0.020835,0,0.015634,0,0.94838,1.4887,2.3925,0.66141,2.26,0.23448,0.52108,0.40236,0.0063162,1.6875
0,0,0,0,0,0,0,0,0.9137,1.4816,2.2928,0.72375,2.26,0.25628,0.50752,0.40236,0,1.6705
0,0,0,0,0,0,0,0,0.8873,1.4887,2.2196,0.86674,2.3241,0.27015,0.54086,0.42227,0,1.7003
0,0,0,0,0,0,0,0,0.81315,1.4816,2.1023,1.0504,2.4412,0.29129,0.5971,0.45266,0,1.728
0,0,0,0,0,0,0,0,0.66058,1.4044,1.8741,1.3896,2.7379,0.34182,0.81779,0.52391,0,1.8002
0,0,0,0,0,0,0,0,0.44541,1.2048,1.5328,1.8365,3.1045,0.47029,1.1009,0.61507,0,1.8696
0,0,0,0,0,0,0,0,0.23226,0.91999,1.0765,2.3065,3.4359,0.74737,1.3406,0.73609,0,1.9224
0,0,0,0,0,0,0,0,0.12367,0.51121,0.56431,2.7642,3.8208,1.0387,1.602,0.82673,0,1.973
0,0,0,0,0,0,0,0,0.055299,0.1501,0.18741,3.0465,3.9773,1.3405,1.9128,0.88646,0,2.0202
0,0,0,0,0,0,0,0,0.015584,0.064593,0.09733,2.9838,3.5759,1.6186,2.2629,0.89693,0,2.0569
0,0,0,0,0,0,0,0,0,0.025837,0.044523,2.3952,3.0174,1.8884,2.68,1.1254,0,2.0365
0,0,0,0,0,0,0,0,0,0,0,1.5061,2.4613,2.0436,3.0604,2.0668,0,2.025
0.55078,0.03648,0.084643,0,0,0,0,0,0,0,0,0.69461,1.8945,1.9541,3.3964,3.0947,0.17809,1.9923
1.2402,0.44865,1.2364,0,0,0,0,0,0,0,0,0.23481,0.98992,1.504,3.3124,3.8188,0.69183,1.7752
1.1794,1.0344,2.377,0.054506,0.13652,0.011314,0.015923,0.015515,0,0,0,0.13825,0.57382,0.73119,1.897,4.4726,1.0717,1.2898
1.2622,1.3745,3.1377,0.377,0.96225,0.096978,0.13231,0.13964,0,0,0,0.095552,0.38255,0.29162,0.48661,3.5652,1.5535,0.70775
1.3453,1.559,3.3637,0.59083,1.4952,0.1946,0.33323,0.24049,0,0,0,0.017281,0.19127,0.11361,0.18424,1.2553,1.8554,0.25786
1.3011,1.626,3.1699,0.80361,1.7123,0.34977,0.4499,0.31031,0,0,0,0,0,0,0.012999,0.11002,1.9602,0.017519
1.0281,1.4751,2.6071,1.088,1.942,0.58542,0.56339,0.39564,0,0,0,0,0,0,0,0,1.9124,0
0.6598,1.1574,1.9174,1.3476,2.1608,0.8269,0.66125,0.46595,0,0,0,0,0,0,0,0,1.7635,0
0.32335,0.81669,1.2571,1.6093,2.3072,1.0638,0.75679,0.52946,0,0,0,0,0,0,0,0,1.6126,0
0.18763,0.5425,0.79816,1.8438,2.5079,1.3063,0.8807,0.59153,0,0,0,0,0,0,0,0,1.5817,0
0.10902,0.33833,0.45399,2.0723,2.6861,1.5571,1.0237,0.66135,0,0,0,0,0,0,0,0,1.609,0
0.057105,0.17152,0.20776,2.2274,2.8089,1.7689,1.1873,0.72341,0,0,0,0,0,0,0,0,1.6457,0
0.010383,0.082669,0.11542,2.2644,2.697,1.9696,1.3587,0.74668,0,0,0,0,0,0,0,0,1.6737,0
0,0.051779,0.061559,2.0513,2.3741,2.183,1.5602,0.77771,0,0,0,0,0,0,0,0,1.6682,0
0,0.030891,0,1.581,2.0802,2.4296,1.817,1.1404,0,0,0,0,0,0,0,0,1.6867,0
0,0,0,1.0461,1.7353,2.6375,2.1485,1.9065,0,0,0,0,0,0,0,0,1.7624,0
0,0,0,0.52549,1.2232,2.631,2.3969,2.7419,0,0.012919,0,0,0,0,0,0,1.7718,0.0028742
0,0,0,0.18553,0.52691,1.7133,2.1945,3.5681,0.58115,0.66531,0.60745,0.034561,0.04414,0,0,0,1.4919,0.4388
0,0,0,0.13102,0.3054,0.53305,0.70033,4.1034,1.0316,1.4604,2.1578,0.52215,0.6621,0.092142,0.08534,0.16084,0.9243,1.2768
0,0,0,0.076169,0.12556,0.1946,0.10799,1.6029,1.0635,1.5302,2.5385,0.84743,1.4813,0.15654,0.19753,0.26091,0.3246,1.5911
0,0,0,0,0,0.011314,0,0.10861,1.0547,1.5936,2.6027,1.089,1.9263,0.21335,0.36934,0.3222,0.017782,1.7774
0,0,0,0,0,0,0,0,0.84357,1.4321,2.3111,1.3794,2.2923,0.29888,0.64401,0.40236,0,1.8221
0,0,0,0,0,0,0,0,0.48714,1.0852,1.725,1.6223,2.5631,0.45608,0.91754,0.48357,0,1.7217
0,0,0,0,0,0,0,0,0.2403,0.72837,1.1704,1.8365,2.9121,0.64895,1.1914,0.57473,0,1.6671
0,0,0,0,0,0,0,0,0.13976,0.41247,0.77001,2.0998,3.3311,0.90028,1.4819,0.67532,0,1.7276
0,0,0,0,0,0,0,0,0.087473,0.19624,0.43523,2.4149,3.7855,1.2101,1.7828,0.78691,0,1.867
0,0,0,0,0,0,0,0,0.043234,0.084279,0.16463,2.5924,3.995,1.4961,2.142,0.86655,0,1.9932
0,0,0,0,0,0,0,0,0.0077922,0.025837,0.074551,2.2573,3.5759,1.79,2.6218,0.97971,0,2.0282
0,0,0,0,0,0,0,0,0,0,0.029682,1.5641,2.965,1.9951,3.1214,1.6435,0,2.0506
0,0,0,0,0,0,0,0,0,0,0,0.86098,2.4613,2.0033,3.5179,2.6892,0,2.0784
0,0,0,0,0,0,0,0,0,0,0,0.28699,1.7356,1.7735,3.8821,3.6805,0,2.0482
0.79626,0.10915,0.26022,0,0,0,0,0,0,0,0,0.11283,0.82395,1.1288,3.6464,4.3856,0.29769,1.8084
1.593,1.2615,2.683,0.010831,0.042218,0,0,0,0,0,0,0.10436,0.55911,0.44882,1.7981,4.634,1.2709,1.2198
1.4116,1.7043,3.625,0.40984,0.8016,0.1028,0.088012,0.1474,0,0,0,0.034561,0.30898,0.24901,0.37583,2.8176,1.7457,0.55356
1.4333,1.807,3.7579,0.6401,1.4031,0.17747,0.23682,0.23273,0,0,0,0,0.073567,0.035337,0.08534,0.40289,1.9856,0.08917
1.3285,1.7781,3.4459,0.77566,1.5873,0.22305,0.33699,0.27928,0,0,0,0,0,0,0,0.039817,1.9783,0.005201
0.95052,1.5142,2.6397,1.0457,1.7008,0.38403,0.41777,0.34134,0,0,0,0,0,0,0,0,1.7829,0
0.54386,1.1691,1.8625,1.2774,1.8499,0.56797,0.49796,0.4034,0,0,0,0,0,0,0,0,1.5679,0
0.25537,0.79904,1.3102,1.4745,2.1263,0.78746,0.62506,0.47419,0,0,0,0,0,0,0,0,1.4531,0
0.14561,0.49984,0.85133,1.7302,2.4519,1.0904,0.81875,0.54498,0,0,0,0,0,0,0,0,1.4741,0
0.072679,0.27066,0.46938,2.0007,2.7639,1.4453,1.0382,0.64583,0,0,0,0,0,0,0,0,1.5593,0
0.031148,0.12974,0.18468,2.1897,2.9536,1.8002,1.3219,0.73892,0,0,0,0,0,0,0,0,1.6757,0
0,0.067371,0.076948,2.03,2.7195,2.1765,1.6719,0.85577,0,0,0,0,0,0,0,0,1.7501,0
0,0.041188,0.030779,1.4961,2.3066,2.514,2.0072,1.4851,0,0,0,0,0,0,0,0,1.8187,0
0,0,0,0.82493,1.7584,2.6895,2.3468,2.4451,0,0,0,0,0,0,0,0,1.8562,0
0,0,0,0.30083,0.87726,2.3908,2.4426,3.3751,0.0077922,0.012919,0,0,0,0,0,0,1.7339,0.0049957
0,0,0,0.15828,0.40025,1.091,1.4012,4.2595,0.86141,1.1042,1.2008,0.15654,0.14713,0.021136,0.012999,0.040341,1.2483,0.77981
0,0,0,0.10901,0.19958,0.31518,0.2044,2.8611,1.1502,1.7754,2.6483,0.85963,1.0052,0.15654,0.14468,0.241,0.56695,1.6227
0,0,0,0.016422,0.020835,0.051398,0.02374,0.4388,1.0834,1.8388,2.6759,1.3021,1.6879,0.22755,0.25037,0.33216,0.084514,1.8451
0,0,0,0,0,0,0,0,0.79128,1.6705,2.2752,1.8168,2.1805,0.34875,0.51006,0.45318,0,1.9137
0,0,0,0,0,0,0,0,0.41349,1.2605,1.5856,2.1686,2.4407,0.54162,0.77173,0.54382,0,1.7993
0,0,0,0,0,0,0,0,0.16791,0.79419,0.83076,2.543,2.4236,0.71567,0.87911,0.61559,0,1.6242
0,0,0,0,0,0,0,0,0.10356,0.40602,0.35274,2.9038,2.4407,0.9082,0.99412,0.67532,0,1.5759
0,0,0,0,0,0,0,0,0.059321,0.15687,0.15704,3.3098,2.493,1.1612,1.169,0.756,0,1.663
0,0,0,0,0,0,0,0,0.027398,0.064593,0.089737,3.6777,2.616,1.4303,1.3779,0.80682,0,1.8221
0,0,0,0,0,0,0,0,0,0.012919,0.029682,3.7167,2.6155,1.7411,1.6921,0.82673,0,1.9421
0,0,0,0,0,0,0,0,0,0,0,3.1183,2.3259,2.0757,2.0968,0.94932,0,1.9621
0,0,0,0,0,0,0,0,0,0,0,2.2184,2.0375,2.3663,2.5489,1.7813,0,2.0252
0,0,0,0,0,0,0,0,0,0,0,1.2832,1.6085,2.5033,2.977,3.0093,0,2.079
0.38194,0.031185,0.01539,0,0,0,0,0,0,0,0,0.40898,0.91282,2.2045,3.0833,3.9786,0.11637,1.9119
1.7895,1.1232,2.5529,0,0.020835,0,0,0,0,0,0,0.19991,0.55911,0.95147,1.6181,4.7849,1.2628,1.3194
1.4776,1.5981,4.0821,0.34451,0.9436,0.091482,0.099882,0.13964,0,0,0,0.10402,0.29427,0.27742,0.36227,2.7416,1.8333,0.55856
1.4333,1.7155,4.115,0.68587,1.6553,0.20042,0.33323,0.27152,0,0,0,0,0.029427,0.042603,0.045778,0.35207,2.1082,0.069324
1.2847,1.6652,3.6344,0.91961,1.7463,0.27509,0.41401,0.32582,0,0,0,0,0,0,0,0.019909,2.0609,0.0026005
0.83952,1.3174,2.6397,1.1792,1.8845,0.42444,0.48175,0.38789,0,0,0,0,0,0,0,0,1.7857,0
0.34436,0.82846,1.5886,1.4388,2.0917,0.60256,0.58019,0.44995,0,0,0,0,0,0,0,0,1.4747,0
0.13003,0.42659,0.8961,1.6163,2.4185,0.85308,0.78082,0.52946,0,0,0,0,0,0,0,0,1.3733,0
0.067488,0.2077,0.43091,1.8368,2.7749,1.2019,1.0382,0.63032,0,0,0,0,0,0,0,0,1.4509,0
0.020765,0.11415,0.16929,2.0356,2.9427,1.5885,1.3323,0.72341,0,0,0,0,0,0,0,0,1.5898,0
0,0.057074,0.084643,1.9503,2.753,1.9383,1.6719,0.82426,0,0,0,0,0,0,0,0,1.6827,0
0,0.030891,0.030779,1.5314,2.3741,2.2738,1.9852,1.3343,0,0,0,0,0,0,0,0,1.7541,0
0,0,0,1.074,1.896,2.5072,2.2356,2.0781,0,0,0,0,0,0,0,0,1.8053,0
0,0,0,0.58,1.2029,2.5858,2.396,2.931,0,0,0,0,0,0,0,0,1.797,0
0,0,0,0.2348,0.50607,2.1212,2.0191,3.747,0.0077922,0.025837,0,0,0,0,0,0,1.5694,0.0078699
0,0,0,0.1747,0.32678,0.83983,0.71452,4.6294,1.0746,1.4094,1.6691,0.33951,0.32369,0.06407,0.046061,0.10059,1.0786,1.0809
0,0,0,0.1146,0.14694,0.25764,0.1242,2.0432,1.2613,1.8034,2.9251,1.0602,1.6102,0.21335,0.31649,0.33216,0.4144,1.8902
0,0,0,0,0,0.034265,0.0078169,0.1474,1.1839,1.8388,2.9068,1.5058,2.2282,0.34875,0.68865,0.4427,0.030002,2.1679
0,0,0,0,0,0,0,0,0.78249,1.5656,2.249,1.9239,2.5113,0.56309,1.0018,0.56425,0,2.1208
0,0,0,0,0,0,0,0,0.3328,1.0193,1.3609,2.1194,2.6672,0.69948,1.1394,0.61559,0,1.8267
0,0,0,0,0,0,0,0,0.13976,0.49768,0.5436,2.4247,2.616,0.87584,1.214,0.67532,0,1.6142
0,0,0,0,0,0,0,0,0.071386,0.15656,0.17223,2.7385,2.6331,1.112,1.4002,0.72509,0,1.6119
0,0,0,0,0,0,0,0,0.027398,0.064593,0.089737,2.9126,2.6502,1.4307,1.6619,0.767,0,1.7352
0,0,0,0,0,0,0,0,0,0.012919,0.044523,2.7544,2.5637,1.7411,1.997,0.79687,0,1.8146
0,0,0,0,0,0,0,0,0,0,0,2.0025,2.4236,2.035,2.6441,1.2752,0,1.9149
0,0,0,0,0,0,0,0,0,0,0,1.3313,2.2282,2.1969,3.1748,2.4304,0,2.0695
0,0,0,0,0,0,0,0,0,0,0,0.7756,1.815,2.3022,3.5408,3.4887,0,2.1579
0,0,0,0,0,0,0,0,0,0,0,0.26937,1.0488,2.0753,3.6394,4.2788,0,2.0467
1.2464,0.33627,0.745,0,0,0,0,0,0,0,0,0.16467,0.64739,1.1529,2.5475,4.8608,0.57086,1.5993
1.6422,1.6596,3.8425,0.2023,0.38983,0.051398,0.039953,0.077577,0,0,0,0.11249,0.41197,0.39895,0.64598,4.0802,1.7175,0.8427
1.4669,1.7952,4.3112,0.71627,1.4946,0.24632,0.35321,0.30255,0,0,0,0,0.08828,0.092472,0.15796,0.91579,2.1794,0.1873
1.3453,1.7669,3.924,0.98251,1.8039,0.44739,0.51418,0.38789,0,0,0,0,0,0,0,0.079634,2.247,0.010402
0.91047,1.4248,2.9366,1.2215,1.919,0.61969,0.58308,0.44995,0,0,0,0,0,0,0,0.019909,1.9757,0.0026005
0.40592,0.92849,1.7995,1.3965,1.9766,0.78099,0.62796,0.48195,0,0,0,0,0,0,0,0,1.5876,0
0.15624,0.49072,0.99403,1.5101,2.1493,0.96525,0.75216,0.53722,0,0,0,0,0,0,0,0,1.3783,0
0.072679,0.24418,0.53864,1.6093,2.4519,1.209,0.96177,0.60704,0,0,0,0,0,0,0,0,1.3769,0
0.020765,0.13504,0.20776,1.7798,2.708,1.52,1.2139,0.69238,0,0,0,0,0,0,0,0,1.4756,0
0,0.072373,0.10773,1.8151,2.7414,1.8688,1.5709,0.7622,0,0,0,0,0,0,0,0,1.6153,0
0,0.041188,0.061559,1.545,2.5079,2.235,1.947,1.1578,0,0,0,0,0,0,0,0,1.7396,0
0,0,0,1.102,2.1597,2.4878,2.2689,1.888,0,0,0,0,0,0,0,0,1.8207,0
0,0,0,0.62682,1.5747,2.5858,2.5524,2.7327,0,0,0,0,0,0,0,0,1.8617,0
0,0,0,0.24598,0.72703,2.2673,2.5179,3.5375,0,0,0,0,0,0,0,0,1.7189,0
0,0,0,0.16352,0.38983,1.1152,1.4348,4.4224,0.46502,0.51736,0.3976,0,0,0,0,0,1.2843,0.32055
0,0,0,0.13102,0.23138,0.35559,0.24493,3.3402,1.4307,2.0774,2.8709,0.76712,0.6621,0.12087,0.098621,0.21061,0.66128,1.7293
0,0,0,0.032494,0.04167,0.080168,0.031847,0.5891,1.3289,2.0774,3.009,1.3313,1.4813,0.22028,0.21731,0.34264,0.1196,2.0048
0,0,0,0,0,0,0,0.015515,1.1281,1.9689,2.6759,1.6027,1.7833,0.28435,0.29671,0.40236,0.0021969,1.9901
0,0,0,0,0,0,0,0,0.67817,1.5518,1.9542,1.7975,2.0057,0.32761,0.38912,0.44218,0,1.7335
0,0,0,0,0,0,0,0,0.32878,1.0987,1.2394,1.9629,2.0852,0.38475,0.46824,0.48357,0,1.4749
0,0,0,0,0,0,0,0,0.17595,0.75482,0.7852,2.2079,2.2776,0.52015,0.59823,0.54382,0,1.406
0,0,0,0,0,0,0,0,0.12367,0.53059,0.60089,2.5331,2.8079,0.74043,1.0246,0.66537,0,1.5975
0,0,0,0,0,0,0,0,0.095517,0.32051,0.4052,2.975,3.3488,1.0634,1.3555,0.78639,0,1.8193
0,0,0,0,0,0,0,0,0.047256,0.11719,0.13461,3.3521,3.6289,1.4713,1.73,0.86655,0,2.0016
0,0,0,0,0,0,0,0,0,0.038756,0.052117,3.0919,3.3317,1.8392,2.2324,0.89693,0,2.0697
0,0,0,0,0,0,0,0,0,0,0,2.1106,2.7555,2.1645,2.8501,1.5848,0,2.0924
0,0,0,0,0,0,0,0,0,0,0,1.2154,2.2141,2.3101,3.3048,2.8915,0,2.1596
0.21062,0,0,0,0,0,0,0,0,0,0,0.44388,1.3277,2.1235,3.4879,3.8827,0.058494,2.0359
1.5493,0.7352,1.6254,0,0,0,0,0,0,0,0,0.15586,0.61796,0.99539,2.4277,4.5585,0.92086,1.493
1.4338,1.559,3.6022,0.21313,0.53732,0.062712,0.051823,0.093093,0,0,0,0.10402,0.38255,0.32761,0.57562,3.6186,1.617,0.74545
1.4116,1.6484,4.0734,0.54157,1.4606,0.1946,0.30109,0.27152,0,0,0,0.017281,0.13242,0.085206,0.11868,0.82882,2.0167,0.17355
1.3564,1.6037,4.0233,0.64534,1.8269,0.27509,0.48204,0.34134,0,0,0,0,0,0,0,0.039817,2.1173,0.005201
0.99847,1.3292,3.292,0.80222,2.0572,0.41313,0.61059,0.4034,0,0,0,0,0,0,0,0,1.9385,0
0.51815,0.94025,2.2025,1.0035,2.2178,0.59674,0.71857,0.46595,0,0,0,0,0,0,0,0,1.6336,0
0.2084,0.50661,1.2962,1.1163,2.4739,0.80071,0.89026,0.52946,0,0,0,0,0,0,0,0,1.4158,0
0.093445,0.23389,0.7373,1.1866,2.8308,1.0571,1.1491,0.6148,0,0,0,0,0,0,0,0,1.3969,0
0.03634,0.11415,0.3001,1.2425,3.1093,1.338,1.4861,0.68462,0,0,0,0,0,0,0,0,1.4626,0
0,0.051779,0.12312,1.1443,3.0759,1.669,1.8928,0.83977,0,0,0,0,0,0,0,0,1.5685,0
0,0.020594,0.053864,0.89166,2.6526,2.0019,2.2249,1.4323,0,0,0,0,0,0,0,0,1.6783,0
0,0,0.01539,0.59607,2.1137,2.2347,2.4945,2.2153,0,0,0,0,0,0,0,0,1.7646,0
0,0,0,0.27323,1.4036,2.1826,2.7446,3.0473,0,0,0,0,0,0,0,0,1.7753,0
0,0,0,0.14186,0.57954,1.6315,2.5602,3.8168,0.011814,0.012919,0,0,0,0,0,0,1.5945,0.0060907
0,0,0,0.1146,0.35803,0.67884,1.2151,4.5034,1.0814,1.2036,1.5821,0.26124,0.20599,0.028402,0.019781,0.070204,1.1373,0.97245
0,0,0,0.08141,0.17874,0.27509,0.17255,2.5344,1.1646,1.7056,2.7397,1.1764,1.3277,0.18494,0.19753,0.30177,0.49658,1.7573
0,0,0,0,0,0.034265,0.01187,0.28752,1.1211,1.7683,2.8412,1.6223,2.0693,0.28468,0.46824,0.40236,0.050804,2.0552
0,0,0,0,0,0,0,0,0.82195,1.5376,2.366,1.9432,2.4071,0.46302,0.75647,0.48357,0,2.0497
0,0,0,0,0,0,0,0,0.40947,1.0458,1.577,2.0801,2.4754,0.56309,0.88674,0.52391,0,1.7646
0,0,0,0,0,0,0,0,0.17997,0.60964,0.88909,2.1882,2.5984,0.67009,1.0323,0.56373,0,1.5675
0,0,0,0,0,0,0,0,0.095517,0.30728,0.49528,2.2668,2.9127,0.8514,1.2736,0.62555,0,1.5556
0,0,0,0,0,0,0,0,0.075408,0.16302,0.31512,2.4444,3.3488,1.112,1.5794,0.72561,0,1.71
0,0,0,0,0,0,0,0,0.047256,0.084279,0.1422,2.794,3.6807,1.463,1.9204,0.82673,0,1.9283
0,0,0,0,0,0,0,0,0.0077922,0.025837,0.074551,2.8296,3.4365,1.823,2.3073,0.8765,0,2.0447
0,0,0,0,0,0,0,0,0,0,0.014841,2.1499,2.9121,2.1242,2.8428,1.2506,0,2.0677
0,0,0,0,0,0,0,0,0,0,0,1.3699,2.4283,2.286,3.2972,2.3969,0,2.1443
0,0,0,0,0,0,0,0,0,0,0,0.62075,1.7356,2.2778,3.6241,3.5097,0,2.1353
0.93618,0.14033,0.32808,0,0,0,0,0,0,0,0,0.16467,0.85338,1.537,3.4111,4.2248,0.35714,1.8289
1.6145,1.3133,3.036,0.060096,0.11569,0.011314,0.01187,0.023273,0,0,0,0.12977,0.52968,0.50661,1.4751,4.4941,1.3856,1.137
1.4224,1.6819,3.9488,0.50313,1.0944,0.13157,0.14418,0.2017,0,0,0,0.043371,0.26484,0.21335,0.29671,2.0181,1.8892,0.41923
1.417,1.7714,3.9737,0.74911,1.6783,0.22305,0.36131,0.30255,0,0,0,0,0.029427,0.014201,0.03278,0.1907,2.1201,0.039213
1.1851,1.6316,3.4141,0.98949,1.9075,0.37821,0.48609,0.37237,0,0,0,0,0,0,0,0,2.0616,0
0.73915,1.278,2.4165,1.2355,2.0572,0.57346,0.57092,0.44219,0,0,0,0,0,0,0,0,1.798,0
0.33373,0.86965,1.5645,1.4035,2.1723,0.73574,0.6517,0.48195,0,0,0,0,0,0,0,0,1.5296,0
0.16143,0.51632,0.98634,1.5384,2.3626,0.93228,0.77098,0.54498,0,0,0,0,0,0,0,0,1.415,0
0.077871,0.28096,0.6002,1.7089,2.6636,1.2287,0.98551,0.62256,0,0,0,0,0,0,0,0,1.4571,0
0.03634,0.15592,0.26932,1.915,2.9531,1.5445,1.2241,0.71565,0,0,0,0,0,0,0,0,1.5651,0
0,0.077668,0.12312,1.915,3.0655,1.9134,1.619,0.80098,0,0,0,0,0,0,0,0,1.7061,0
0,0.046483,0.061559,1.588,2.753,2.2673,1.9907,1.1937,0,0,0,0,0,0,0,0,1.8023,0
0,0.010297,0,1.0671,2.2611,2.5398,2.2964,1.9966,0,0,0,0,0,0,0,0,1.8619,0
0,0,0,0.5524,1.5632,2.6116,2.5408,2.8742,0,0,0,0,0,0,0,0,1.8684,0
0,0,0,0.19671,0.67494,1.9434,2.3952,3.6694,0.04801,0.032297,0.014841,0,0,0,0,0,1.6235,0.023199
0,0,0,0.14186,0.3372,0.6685,0.89547,4.3147,1.1492,1.5293,1.8859,0.38288,0.33841,0.049538,0.046061,0.090636,1.0354,1.177
0,0,0,0.081759,0.14694,0.22919,0.1161,1.7649,1.1982,1.8105,2.7211,1.0602,1.3731,0.18494,0.19724,0.29182,0.36057,1.7666
0,0,0,0,0,0.011314,0,0.10861,1.1693,1.8741,2.7491,1.4282,1.9581,0.25595,0.37583,0.3725,0.017782,1.9892
0,0,0,0,0,0,0,0,0.89158,1.6634,2.3473,1.661,2.2282,0.32761,0.56177,0.43223,0,1.9332
0,0,0,0,0,0,0,0,0.50398,1.2528,1.6729,1.7684,2.3235,0.39895,0.66492,0.47361,0,1.6805
0,0,0,0,0,0,0,0,0.25237,0.88031,1.042,2.0018,2.4248,0.49902,0.80253,0.52391,0,1.5236
0,0,0,0,0,0,0,0,0.1478,0.55704,0.66302,2.2865,2.7732,0.73317,1.0857,0.62502,0,1.5764
0,0,0,0,0,0,0,0,0.099539,0.32081,0.458,2.6124,3.2617,1.0714,1.4228,0.72561,0,1.7575
0,0,0,0,0,0,0,0,0.067365,0.15687,0.23228,2.9665,3.6984,1.4224,1.7526,0.85659,0,1.9595
0,0,0,0,0,0,0,0,0.023377,0.064593,0.089737,3.0285,3.6283,1.7738,2.1951,0.89693,0,2.0884
0,0,0,0,0,0,0,0,0,0.012919,0.059365,2.4349,3.0869,2.0595,2.732,1.1924,0,2.1095
0,0,0,0,0,0,0,0,0,0,0,1.5353,2.5984,2.2533,3.2282,2.2308,0,2.1523
0.010383,0,0,0,0,0,0,0,0,0,0,0.71359,1.8945,2.2292,3.5863,3.4348,0.0028835,2.1435
1.1077,0.203,0.56592,0,0,0,0,0,0,0,0,0.17348,0.89928,1.3818,3.3805,4.1818,0.4661,1.7909
1.5053,1.3259,3.0101,0.070928,0.14694,0.017133,0.01187,0.023273,0,0,0,0.12977,0.50026,0.44882,1.3869,4.4082,1.3604,1.0891
1.417,1.6204,3.874,0.41578,0.9617,0.10862,0.096119,0.16291,0,0,0,0.034561,0.26484,0.18461,0.26337,1.8662,1.8031,0.38357
1.4778,1.6987,4.0898,0.54681,1.4606,0.15452,0.24493,0.21722,0,0,0,0,0.029427,0.014201,0.03278,0.1907,2.0216,0.039213
1.3396,1.5813,3.7995,0.62367,1.6328,0.18329,0.34915,0.256,0,0,0,0,0,0,0,0,1.9718,0
0.94557,1.2727,2.9527,0.78964,1.8039,0.28059,0.48204,0.33358,0,0,0,0,0,0,0,0,1.7414,0
0.50826,0.91083,2.0912,0.98251,2.0917,0.47616,0.64793,0.41116,0,0,0,0,0,0,0,0,1.5322,0
0.22941,0.55456,1.3868,1.1443,2.4514,0.73089,0.88533,0.50571,0,0,0,0,0,0,0,0,1.4339,0
0.11421,0.28625,0.82789,1.3333,2.8198,1.0577,1.1693,0.60704,0,0,0,0,0,0,0,0,1.464,0
0.046722,0.14033,0.35396,1.4814,3.1313,1.4324,1.5443,0.73117,0,0,0,0,0,0,0,0,1.5723,0
0,0.062076,0.13081,1.4109,2.9871,1.7941,1.9363,0.93675,0,0,0,0,0,0,0,0,1.6643,0
0,0.020594,0.076948,1.1722,2.5079,2.1636,2.2301,1.5564,0,0,0,0,0,0,0,0,1.773,0
0,0,0.01539,0.80676,1.9651,2.4232,2.4945,2.3807,0,0,0,0,0,0,0,0,1.8509,0
0,0,0,0.39901,1.2474,2.4296,2.6693,3.2243,0,0,0,0,0,0,0,0,1.8401,0
0,0,0,0.15269,0.50552,1.6822,2.2689,3.9613,0.11613,0.071668,0.030027,0,0,0,0,0,1.5495,0.053516
0,0,0,0.12578,0.31581,0.58122,0.74724,4.4563,1.1656,1.6238,2.0167,0.4005,0.36783,0.06407,0.05906,0.13045,0.9959,1.2467
0,0,0,0.065337,0.13652,0.20624,0.11204,1.7246,1.1985,1.8388,2.8229,1.0602,1.4513,0.21335,0.25715,0.31173,0.34451,1.8252
0,0,0,0,0,0.011314,0,0.10861,1.1646,1.8877,2.8416,1.3601,1.9422,0.28435,0.5013,0.39241,0.017782,2.0326
0,0,0,0,0,0,0,0.015515,0.86116,1.6284,2.3749,1.5834,2.1964,0.38475,0.72595,0.46314,0.0021969,1.9589
0,0,0,0,0,0,0,0,0.45044,1.1861,1.647,1.7294,2.2918,0.48449,0.86357,0.51396,0,1.7055
0,0,0,0,0,0,0,0,0.21617,0.80096,1.0161,1.9531,2.4248,0.61296,0.99412,0.56425,0,1.5564
0,0,0,0,0,0,0,0,0.13171,0.50444,0.63196,2.257,2.7732,0.82696,1.2363,0.65541,0,1.6081
0,0,0,0,0,0,0,0,0.095517,0.29436,0.42038,2.6694,3.2264,1.1447,1.5194,0.77643,0,1.7957
0,0,0,0,0,0,0,0,0.059321,0.13042,0.17982,3.0739,3.4712,1.4713,1.7828,0.8765,0,1.9564
0,0,0,0,0,0,0,0,0.023377,0.058134,0.082144,3.1366,3.2264,1.7982,2.1349,0.92837,0,2.0551
0,0,0,0,0,0,0,0,0,0,0.029682,2.5115,2.8073,2.0998,2.6436,1.2506,0,2.0782
0,0,0,0,0,0,0,0,0,0,0,1.6129,2.4089,2.286,3.1367,2.3749,0,2.1494
0.015574,0,0,0,0,0,0,0,0,0,0,0.76984,1.8309,2.2616,3.5261,3.5207,0.0043252,2.1508
1.2477,0.27743,0.72681,0,0,0,0,0,0,0,0,0.20838,0.88339,1.4469,3.2977,4.2143,0.55391,1.7937
1.5218,1.3157,3.1629,0.038084,0.15791,0.011314,0.01187,0.023273,0,0,0,0.12977,0.50026,0.44155,1.2507,4.3437,1.3863,1.0462
1.4612,1.6204,3.924,0.32774,0.93977,0.091482,0.092065,0.15515,0,0,0,0.043371,0.2207,0.16348,0.23059,1.6797,1.7995,0.34354
1.5169,1.7266,4.0818,0.4923,1.4491,0.13706,0.18847,0.20946,0,0,0,0,0.029427,0.014201,0.012999,0.1205,2.007,0.025252
1.3947,1.626,3.7491,0.57441,1.6103,0.17197,0.27707,0.24049,0,0,0,0,0,0,0,0,1.9535,0
1.0343,1.3689,2.9688,0.73269,1.7578,0.22887,0.36942,0.29479,0,0,0,0,0,0,0,0,1.7315,0
0.64002,1.052,2.1699,0.97552,2.0111,0.40149,0.50607,0.37237,0,0,0,0,0,0,0,0,1.5507,0
0.31297,0.7402,1.5722,1.2005,2.3741,0.65686,0.69947,0.45043,0,0,0,0,0,0,0,0,1.4706,0
0.16143,0.45836,1.0161,1.4891,2.7639,1.0047,0.92847,0.5605,0,0,0,0,0,0,0,0,1.5028,0
0.072679,0.22359,0.5236,1.8085,3.1318,1.432,1.2099,0.68462,0,0,0,0,0,0,0,0,1.6106,0
0.010383,0.093261,0.17698,1.9077,3.2777,1.9011,1.6563,0.83202,0,0,0,0,0,0,0,0,1.759,0
0,0.036186,0.076948,1.5457,2.7754,2.2867,2.0286,1.3169,0,0,0,0,0,0,0,0,1.828,0
0,0,0.030779,0.96888,2.1707,2.566,2.3242,2.2614,0,0,0,0,0,0,0,0,1.8846,0
0,0,0,0.43745,1.3269,2.5596,2.5234,3.185,0,0,0,0,0,0,0,0,1.8451,0
0,0,0,0.1747,0.51649,1.7075,1.9945,3.9598,0.22999,0.21593,0.12011,0,0,0,0,0,1.4953,0.13447
0,0,0,0.13627,0.29498,0.50913,0.49304,4.0418,1.2033,1.7474,2.2987,0.5601,0.51497,0.085206,0.05906,0.14041,0.86107,1.3954
0,0,0,0.054506,0.094306,0.16034,0.063983,1.1675,1.2181,1.8388,2.8692,1.147,1.5608,0.19188,0.21759,0.30177,0.23706,1.8546
0,0,0,0,0,0,0,0.031031,1.1311,1.8529,2.7587,1.4668,2.0375,0.25595,0.39562,0.3725,0.0043939,1.9979
0,0,0,0,0,0,0,0,0.76514,1.5447,2.1761,1.6901,2.3082,0.34182,0.59144,0.42227,0,1.8624
0,0,0,0,0,0,0,0,0.38106,1.0987,1.4386,1.8365,2.3895,0.44188,0.74884,0.49405,0,1.6196
0,0,0,0,0,0,0,0,0.19204,0.76774,0.84526,2.1686,2.476,0.59149,0.89437,0.54382,0,1.5268
0,0,0,0,0,0,0,0,0.12367,0.48476,0.51806,2.5528,2.8426,0.81871,1.1459,0.65541,0,1.6231
0,0,0,0,0,0,0,0,0.087473,0.26176,0.2699,3.0556,3.1746,1.1447,1.4149,0.77643,0,1.8031
0,0,0,0,0,0,0,0,0.043234,0.097505,0.11976,3.5131,3.3488,1.5122,1.6995,0.84664,0,1.9916
0,0,0,0,0,0,0,0,0.0077922,0.038756,0.059365,3.5995,3.0345,1.8884,2.0507,0.8765,0,2.1048
0,0,0,0,0,0,0,0,0,0,0.014841,2.8706,2.546,2.221,2.5127,1.2155,0,2.1063
0,0,0,0,0,0,0,0,0,0,0,1.7687,2.0534,2.4469,2.9617,2.3749,0,2.1305
0.12509,0,0,0,0,0,0,0,0,0,0,0.72748,1.2948,2.3825,3.1748,3.4568,0.034739,2.0116
1.7841,0.90554,1.78,0,0,0,0,0,0,0,0,0.20872,0.61796,1.1655,2.1276,4.3113,1.0562,1.4339
1.5984,1.6875,3.7575,0.30048,0.64259,0.068531,0.055876,0.11637,0,0,0,0.1213,0.36783,0.33488,0.4527,3.1209,1.7591,0.65396
1.4892,1.7831,3.8243,0.72151,1.5297,0.1946,0.24869,0.26376,0,0,0,0.017281,0.10299,0.071005,0.08534,0.53858,2.0513,0.1212
1.2956,1.7043,3.3966,1.0038,1.8384,0.33231,0.41777,0.3491,0,0,0,0,0,0,0,0,2.0708,0
0.84397,1.3515,2.5043,1.2634,1.9996,0.52756,0.52228,0.41892,0,0,0,0,0,0,0,0,1.8352,0
0.36463,0.90495,1.5267,1.5314,2.0687,0.72992,0.57092,0.48195,0,0,0,0,0,0,0,0,1.5307,0
0.15624,0.50072,0.86672,1.7372,2.2398,0.97818,0.69454,0.54498,0,0,0,0,0,0,0,0,1.4018,0
0.083062,0.26537,0.4463,1.9294,2.5079,1.2801,0.89981,0.60704,0,0,0,0,0,0,0,0,1.4369,0
0.03634,0.13504,0.17698,2.1083,2.708,1.5882,1.1002,0.68462,0,0,0,0,0,0,0,0,1.5248,0
0,0.072373,0.092338,2.1083,2.7414,1.9257,1.4224,0.73117,0,0,0,0,0,0,0,0,1.6424,0
0,0.046483,0.046169,1.7442,2.4964,2.2997,1.8173,0.87226,0,0,0,0,0,0,0,0,1.7181,0
0,0,0,1.1932,2.1142,2.6051,2.176,1.5389,0,0,0,0,0,0,0,0,1.7864,0
0,0,0,0.6104,1.4722,2.7154,2.4713,2.4267,0,0,0,0,0,0,0,0,1.8106,0
0,0,0,0.23514,0.64314,2.2942,2.3818,3.2839,0.0077922,0.012919,0,0,0,0,0,0,1.6438,0.0049957
0,0,0,0.16911,0.369,1.0464,1.2168,4.2391,0.78274,1.0424,1.1863,0.18263,0.19127,0.028402,0.019781,0.040341,1.1905,0.75531
0,0,0,0.11984,0.19958,0.32649,0.18471,2.8301,1.1356,1.5936,2.8143,0.84912,1.2218,0.15654,0.18424,0.25095,0.56242,1.6452
0,0,0,0.010831,0.020835,0.062712,0.01187,0.38983,1.1646,1.629,3.1115,1.1182,2.0057,0.24175,0.47474,0.33268,0.076069,1.964
0,0,0,0,0,0,0,0,0.9979,1.5373,2.8236,1.3018,2.2923,0.32728,0.67255,0.38245,0,1.9837
0,0,0,0,0,0,0,0,0.59271,1.1587,2.1054,1.496,2.5107,0.47755,0.89437,0.45266,0,1.8054
0,0,0,0,0,0,0,0,0.25639,0.76159,1.2829,1.7782,2.7726,0.65688,1.1459,0.53386,0,1.6585
0,0,0,0,0,0,0,0,0.11965,0.38018,0.65784,2.051,3.2269,0.92472,1.4745,0.6355,0,1.6688
0,0,0,0,0,0,0,0,0.071386,0.14364,0.29234,2.3556,3.6984,1.2589,1.8438,0.756,0,1.8213
0,0,0,0,0,0,0,0,0.03519,0.064593,0.11976,2.5237,3.8031,1.5941,2.2183,0.84664,0,1.9778
0,0,0,0,0,0,0,0,0.0077922,0.012919,0.059365,2.2672,3.314,1.9049,2.6803,0.99124,0,2.0333
0,0,0,0,0,0,0,0,0,0,0.014841,1.6322,2.825,2.1321,3.1443,1.7603,0,2.0943
0,0,0,0,0,0,0,0,0,0,0,1.0118,2.3118,2.2533,3.4571,2.8176,0,2.1453
0.010383,0,0,0,0,0,0,0,0,0,0,0.41778,1.4978,2.1407,3.6317,3.7229,0.0028835,2.0679
1.3055,0.34598,0.75899,0,0,0,0,0,0,0,0,0.14705,0.72096,1.3815,3.0355,4.3642,0.59228,1.705
1.5816,1.5813,3.3319,0.19112,0.29498,0.040084,0.031847,0.06982,0,0,0,0.1213,0.48554,0.45608,1.0775,4.4312,1.5627,1.0152
1.3896,1.6372,3.824,0.62927,1.3378,0.16583,0.19253,0.23273,0,0,0,0.017281,0.20599,0.17041,0.23737,1.5351,1.9236,0.32075
1.3673,1.6484,3.7911,0.76728,1.7348,0.24632,0.37347,0.31031,0,0,0,0,0.029427,0,0.03278,0.12993,2.0614,0.028332
1.0877,1.4583,3.1377,0.96154,1.873,0.37854,0.46178,0.35686,0,0,0,0,0,0,0,0,1.9222,0
0.66474,1.07,2.2651,1.1093,1.9996,0.52206,0.54255,0.4034,0,0,0,0,0,0,0,0,1.6439,0
0.29195,0.67724,1.5722,1.2005,2.2507,0.67981,0.67573,0.44995,0,0,0,0,0,0,0,0,1.4338,0
0.14041,0.37481,1.0087,1.3333,2.6526,0.97204,0.93803,0.54498,0,0,0,0,0,0,0,0,1.4247,0
0.057105,0.17152,0.54633,1.4531,3.0874,1.3438,1.2658,0.64583,0,0,0,0,0,0,0,0,1.5123,0
0,0.082669,0.17698,1.4531,3.2546,1.6816,1.6829,0.75444,0,0,0,0,0,0,0,0,1.6102,0
0,0.046483,0.076948,1.1932,2.8873,2.0213,2.0558,1.1506,0,0,0,0,0,0,0,0,1.7017,0
0,0,0.030779,0.83995,2.3401,2.3065,2.341,1.9249,0,0,0,0,0,0,0,0,1.7817,0
0,0,0,0.43745,1.6783,2.365,2.634,2.8267,0,0,0,0,0,0,0,0,1.8233,0
0,0,0,0.15828,0.7698,1.9535,2.6517,3.6796,0,0,0,0,0,0,0,0,1.6922,0
0,0,0,0.12019,0.41067,0.94424,1.581,4.4578,0.58994,0.69053,0.68821,0.043371,0.04414,0,0,0,1.2817,0.4646
0,0,0,0.097831,0.23138,0.33813,0.28112,3.3586,1.2033,1.7963,2.7125,0.83964,1.1777,0.15654,0.17124,0.25148,0.66224,1.6784
0,0,0,0.010831,0.031252,0.080168,0.031847,0.65359,1.2083,1.86,3.0649,1.2439,2.1487,0.29162,0.6002,0.40236,0.12317,2.1099
0,0,0,0,0,0,0,0.062062,1.0082,1.7619,2.7501,1.5448,2.4424,0.44155,0.92517,0.504,0.0087878,2.1891
0,0,0,0,0,0,0,0,0.53464,1.2956,1.9014,1.7586,2.599,0.58455,1.0552,0.56373,0,1.9185
0,0,0,0,0,0,0,0,0.20813,0.78773,1.0334,1.9727,2.6672,0.70047,1.132,0.61559,0,1.6451
0,0,0,0,0,0,0,0,0.10758,0.38664,0.43523,2.3163,2.7555,0.90028,1.2663,0.68527,0,1.5726
0,0,0,0,0,0,0,0,0.063343,0.1501,0.17188,2.727,2.9474,1.1609,1.4598,0.76648,0,1.6724
0,0,0,0,0,0,0,0,0.03519,0.071053,0.10492,3.1092,3.018,1.4875,1.6918,0.83668,0,1.8523
0,0,0,0,0,0,0,0,0.0077922,0.025837,0.059365,3.262,2.8073,1.823,1.9665,0.89693,0,1.976
0,0,0,0,0,0,0,0,0,0,0.014841,2.8455,2.4424,2.1645,2.4101,1.1924,0,2.0496
0,0,0,0,0,0,0,0,0,0,0,2.032,2.1487,2.4228,2.8188,2.2334,0,2.1367
0,0,0,0,0,0,0,0,0,0,0,1.2056,1.6561,2.5767,3.1061,3.2435,0,2.1459
0.91541,0.15092,0.23749,0,0,0,0,0,0,0,0,0.39136,0.91282,2.1797,3.0095,3.9896,0.33606,1.8868
1.6036,1.2506,2.909,0.038084,0.073471,0.011314,0.01187,0.023273,0,0,0,0.18229,0.5444,0.7411,1.2883,4.5585,1.3334,1.1611
1.3893,1.6093,3.9821,0.42627,1.1514,0.12607,0.14012,0.19394,0,0,0,0.095213,0.26484,0.22788,0.28343,1.9317,1.8584,0.4182
1.3562,1.6875,3.9905,0.70753,1.7584,0.22919,0.39374,0.30255,0,0,0,0,0.029427,0.014201,0.03278,0.20118,2.0978,0.040582
1.1038,1.5254,3.4057,0.94757,1.9996,0.39567,0.51418,0.38013,0,0,0,0,0,0,0,0,2.0274,0
0.61926,1.1221,2.3606,1.1935,2.1953,0.59674,0.6239,0.44995,0,0,0,0,0,0,0,0,1.745,0
0.24004,0.64988,1.3728,1.3965,2.3626,0.8269,0.75216,0.51395,0,0,0,0,0,0,0,0,1.4848,0
0.098636,0.31214,0.71422,1.5454,2.6411,1.123,0.95221,0.59153,0,0,0,0,0,0,0,0,1.4229,0
0.03634,0.14033,0.26932,1.617,2.8752,1.4265,1.2287,0.67686,0,0,0,0,0,0,0,0,1.4636,0
0,0.072373,0.12312,1.6023,2.7974,1.7065,1.4965,0.72341,0,0,0,0,0,0,0,0,1.5259,0
0,0.046483,0.069253,1.4179,2.5632,2.0278,1.817,0.95468,0,0,0,0,0,0,0,0,1.6207,0
0,0.010297,0,1.123,2.3072,2.3323,2.1268,1.6194,0,0,0,0,0,0,0,0,1.7409,0
0,0,0,0.74561,1.862,2.5201,2.4027,2.4267,0,0,0,0,0,0,0,0,1.8283,0
0,0,0,0.35534,1.0818,2.4684,2.535,3.2136,0,0,0,0,0,0,0,0,1.7857,0
0,0,0,0.18029,0.45289,1.6696,1.9012,3.9419,0.19682,0.15687,0.11252,0,0,0,0,0,1.4558,0.1108
0,0,0,0.14186,0.29498,0.5392,0.49217,4.115,1.2711,1.7548,2.454,0.49673,0.57382,0.07794,0.065559,0.14041,0.87871,1.4405
0,0,0,0.059747,0.094306,0.16583,0.072089,1.2374,1.2324,1.8458,3.0183,1.1083,1.9104,0.21335,0.29643,0.33216,0.25107,1.95
0,0,0,0,0,0,0,0.062062,1.0891,1.8178,2.8419,1.4865,2.4248,0.32728,0.63638,0.4427,0.0087878,2.1264
0,0,0,0,0,0,0,0,0.69526,1.481,2.1685,1.7491,2.6855,0.49175,0.94043,0.52391,0,2.0124
0,0,0,0,0,0,0,0,0.30867,0.97936,1.3433,1.8948,2.8256,0.61296,1.086,0.5742,0,1.7445
0,0,0,0,0,0,0,0,0.13976,0.53735,0.67406,2.1096,3.0521,0.77808,1.2586,0.64546,0,1.6226
0,0,0,0,0,0,0,0,0.091495,0.2353,0.36033,2.2963,3.4011,1.0063,1.5418,0.74605,0,1.6873
0,0,0,0,0,0,0,0,0.055299,0.10427,0.17188,2.5138,3.7855,1.3081,1.867,0.83668,0,1.8527
0,0,0,0,0,0,0,0,0.031169,0.064593,0.089737,2.6121,3.8373,1.6592,2.2773,0.92784,0,2.0309
0,0,0,0,0,0,0,0,0,0.012919,0.044523,2.218,3.3317,1.9782,2.8202,1.2254,0,2.1
0,0,0,0,0,0,0,0,0,0,0,1.5837,2.7732,2.1807,3.2587,2.1674,0,2.1665
0,0,0,0,0,0,0,0,0,0,0,0.84167,2.1493,2.2292,3.5636,3.2116,0,2.1644
0.14561,0,0,0,0,0,0,0,0,0,0,0.28699,1.2194,1.9776,3.6089,3.9786,0.040438,2.0032
1.5384,0.77609,1.824,0,0,0,0,0,0,0,0,0.14705,0.6621,0.92274,2.4347,4.4941,0.96638,1.4746
1.3782,1.5813,3.7166,0.33367,0.80379,0.096978,0.08367,0.15515,0,0,0,0.095552,0.38255,0.32035,0.56121,3.4248,1.7099,0.71343
1.395,1.7155,3.9653,0.65093,1.6207,0.21755,0.34944,0.27928,0,0,0,0,0.13242,0.071005,0.11812,0.68947,2.0655,0.14878
1.3122,1.7211,3.6841,0.80921,1.8154,0.30386,0.46178,0.34134,0,0,0,0,0,0,0,0.039817,2.0979,0.005201
0.88476,1.408,2.7201,1.088,1.9651,0.49911,0.54255,0.41116,0,0,0,0,0,0,0,0,1.861,0
0.39034,0.95791,1.6586,1.3543,2.1147,0.72992,0.6378,0.48195,0,0,0,0,0,0,0,0,1.5629,0
0.16143,0.54397,0.9636,1.5171,2.396,0.97818,0.81411,0.5605,0,0,0,0,0,0,0,0,1.4392,0
0.077871,0.26537,0.53864,1.6306,2.7085,1.2481,1.0284,0.63032,0,0,0,0,0,0,0,0,1.447,0
0.020765,0.12974,0.22315,1.7442,2.9427,1.5322,1.2802,0.71565,0,0,0,0,0,0,0,0,1.5214,0
0,0.067077,0.10773,1.6946,2.9646,1.8374,1.619,0.77771,0,0,0,0,0,0,0,0,1.6253,0
0,0.030891,0.046169,1.3972,2.6746,2.1765,1.9962,1.1671,0,0,0,0,0,0,0,0,1.7266,0
0,0,0,0.96888,2.2732,2.4232,2.2906,1.9065,0,0,0,0,0,0,0,0,1.8028,0
0,0,0,0.53598,1.6668,2.5007,2.5816,2.7705,0,0,0,0,0,0,0,0,1.8496,0
0,0,0,0.20195,0.79118,2.1332,2.5761,3.5477,0,0.012919,0,0,0,0,0,0,1.705,0.0028742
0,0,0,0.1471,0.40025,0.99532,1.4629,4.3143,0.82195,1.0473,1.1241,0.19144,0.17656,0.028402,0.019781,0.040341,1.2482,0.75483
0,0,0,0.10901,0.20999,0.32649,0.22872,2.8898,1.247,1.8671,2.7215,0.94434,1.0959,0.16381,0.15768,0.28134,0.58047,1.7215
0,0,0,0.016422,0.020835,0.07435,0.02374,0.4868,1.2372,1.915,2.8971,1.273,1.815,0.22722,0.28343,0.34264,0.096185,1.966
0,0,0,0,0,0,0,0,1.0484,1.7757,2.6486,1.4475,2.1329,0.26321,0.42868,0.38245,0,1.9543
0,0,0,0,0,0,0,0,0.63544,1.3768,1.9628,1.5935,2.2918,0.30582,0.56856,0.42227,0,1.713
0,0,0,0,0,0,0,0,0.30465,0.95967,1.248,1.8168,2.4412,0.41348,0.77201,0.49352,0,1.5318
0,0,0,0,0,0,0,0,0.15584,0.62286,0.76898,2.1489,2.7555,0.62716,1.0857,0.60512,0,1.5598
0,0,0,0,0,0,0,0,0.10356,0.35342,0.48803,2.5826,3.244,0.91646,1.3852,0.72561,0,1.7226
0,0,0,0,0,0,0,0,0.067365,0.15687,0.21709,3.0197,3.5759,1.2669,1.6542,0.84664,0,1.8957
0,0,0,0,0,0,0,0,0.031169,0.058134,0.089737,3.1901,3.4188,1.6348,2.0046,0.89693,0,2.0224
0,0,0,0,0,0,0,0,0,0.012919,0.059365,2.7032,2.825,1.9782,2.4695,1.1369,0,2.0456
0,0,0,0,0,0,0,0,0,0,0,1.8368,2.3594,2.1969,2.8789,2.1433,0,2.0777
0,0,0,0,0,0,0,0,0,0,0,1.0216,1.7833,2.294,3.2435,3.2545,0,2.0996
0.32978,0.052073,0.01539,0,0,0,0,0,0,0,0,0.32189,0.95814,1.9934,3.2664,4.043,0.10676,1.9086
1.5764,1.0559,2.5802,0.010831,0.052636,0,0,0.015515,0,0,0,0.16467,0.60325,0.86197,1.8961,4.6879,1.2016,1.3536
1.351,1.4975,4.0233,0.37176,1.1975,0.10862,0.17631,0.17843,0,0,0,0.095213,0.32369,0.30615,0.4089,3.0465,1.8275,0.61728
1.2791,1.5925,3.9656,0.73723,1.919,0.31518,0.51041,0.3491,0,0,0,0,0.073567,0.042603,0.08534,0.48357,2.1278,0.10121
0.97746,1.4248,3.3081,1.116,2.3516,0.66397,0.73768,0.48195,0,0,0,0,0,0,0,0.019909,2.1512,0.0026005
0.51296,1.0167,2.3053,1.3193,2.6636,0.92581,0.90444,0.55274,0,0,0,0,0,0,0,0,1.9144,0
0.20321,0.53426,1.2438,1.5241,2.7085,1.1696,0.98551,0.62256,0,0,0,0,0,0,0,0,1.6341,0
0.072679,0.21329,0.49247,1.638,2.6866,1.3955,1.1051,0.67686,0,0,0,0,0,0,0,0,1.4792,0
0.010383,0.082964,0.16159,1.5667,2.5408,1.582,1.2687,0.69238,0,0,0,0,0,0,0,0,1.4148,0
0,0.046483,0.069253,1.4035,2.2738,1.806,1.4545,0.73117,0,0,0,0,0,0,0,0,1.417,0
0,0.010297,0.01539,1.2425,2.1147,2.0986,1.742,1.0458,0,0,0,0,0,0,0,0,1.5212,0
0,0,0,0.98251,1.9881,2.3517,2.0723,1.6543,0,0,0,0,0,0,0,0,1.6671,0
0,0,0,0.69845,1.7013,2.5463,2.3404,2.3438,0,0,0,0,0,0,0,0,1.7779,0
0,0,0,0.37735,1.0916,2.566,2.5176,3.0755,0,0,0,0,0,0,0,0,1.7883,0
0,0,0,0.2023,0.48414,1.9745,2.101,3.8153,0.10406,0.064901,0.022434,0,0,0,0,0,1.5582,0.04722
0,0,0,0.16352,0.3372,0.75061,0.69397,4.5572,1.2467,1.6447,2.2597,0.42659,0.4414,0.06407,0.072058,0.13045,1.0436,1.3386
0,0,0,0.09259,0.14694,0.246,0.1161,1.7688,1.2276,1.7409,3.1487,1.0213,1.7833,0.23448,0.47248,0.34211,0.36682,1.9672
0,0,0,0,0,0.028447,0,0.12412,1.1935,1.7194,3.214,1.1764,2.3259,0.33455,0.92517,0.4427,0.023617,2.204
0,0,0,0,0,0,0,0.015515,0.86971,1.4327,2.7042,1.3309,2.6855,0.48449,1.214,0.51396,0.0021969,2.1343
0,0,0,0,0,0,0,0,0.43837,0.97967,1.8658,1.4282,2.8773,0.60569,1.3555,0.5742,0,1.8591
0,0,0,0,0,0,0,0,0.18802,0.55058,1.0679,1.6027,3.0521,0.74671,1.4971,0.64546,0,1.6656
0,0,0,0,0,0,0,0,0.099539,0.21562,0.46525,1.8558,3.3841,1.0142,1.7449,0.73609,0,1.6645
0,0,0,0,0,0,0,0,0.055299,0.091046,0.17188,2.1391,3.6113,1.3326,2.0812,0.83668,0,1.8108
0,0,0,0,0,0,0,0,0.023377,0.051675,0.089737,2.1391,3.4535,1.651,2.491,0.94775,0,1.9384
0,0,0,0,0,0,0,0,0,0,0.044523,1.7586,2.9998,1.9459,2.9389,1.457,0,2.0181
0,0,0,0,0,0,0,0,0,0,0.014841,1.2347,2.546,2.0836,3.2435,2.3675,0,2.0749
0,0,0,0,0,0,0,0,0,0,0,0.69258,2.0216,2.1401,3.5179,3.233,0,2.0927
0.015574,0,0,0,0,0,0,0,0,0,0,0.226,1.2477,1.929,3.6623,4.032,0.0043252,2.004
1.4234,0.49425,1.0906,0,0,0,0,0,0,0,0,0.13825,0.69153,1.1939,2.886,4.5151,0.72472,1.6444
1.4004,1.5422,3.462,0.30642,0.49565,0.074026,0.051823,0.11637,0,0,0,0.11249,0.48554,0.42042,0.90511,4.2494,1.5951,0.94056
1.3065,1.6204,3.8908,0.7257,1.5522,0.23501,0.30515,0.29479,0,0,0,0.017281,0.20599,0.14928,0.21081,1.2977,2.0057,0.27894
1.3176,1.6819,3.8324,0.8707,1.8269,0.33231,0.43775,0.35686,0,0,0,0,0,0,0.012999,0.080158,2.1354,0.013618
1.0665,1.5031,3.1944,1.0388,1.8614,0.43608,0.47365,0.38789,0,0,0,0,0,0,0,0,1.971,0
0.65485,1.1338,2.2651,1.2005,1.9536,0.56215,0.52228,0.41892,0,0,0,0,0,0,0,0,1.6741,0
0.32854,0.76962,1.6575,1.2494,2.1608,0.66074,0.61927,0.44995,0,0,0,0,0,0,0,0,1.4632,0
0.17725,0.50014,1.234,1.3193,2.4739,0.85308,0.79501,0.52171,0,0,0,0,0,0,0,0,1.4207,0
0.093445,0.29655,0.8132,1.4745,2.8977,1.1498,1.0475,0.60704,0,0,0,0,0,0,0,0,1.4859,0
0.03634,0.15063,0.37705,1.652,3.2678,1.4886,1.3431,0.70789,0,0,0,0,0,0,0,0,1.5879,0
0,0.077668,0.13851,1.6163,3.3818,1.85,1.7631,0.80098,0,0,0,0,0,0,0,0,1.7108,0
0,0.020594,0.069253,1.2917,2.9312,2.2153,2.165,1.2718,0,0,0,0,0,0,0,0,1.8032,0
0,0,0,0.82772,2.3286,2.4425,2.4771,2.1149,0,0,0,0,0,0,0,0,1.8599,0
0,0,0,0.4046,1.5067,2.4361,2.6925,2.9891,0,0,0,0,0,0,0,0,1.8473,0
0,0,0,0.16352,0.57954,1.701,2.3969,3.7392,0.064097,0.026145,0.014841,0,0,0,0,0,1.5638,0.02621
0,0,0,0.13137,0.35803,0.61096,0.84567,4.3414,1.1615,1.5699,1.9911,0.35679,0.41197,0.056804,0.05256,0.10059,1.0157,1.2179
0,0,0,0.076169,0.14694,0.22887,0.1242,1.8716,1.1693,1.7686,2.8229,1.0311,1.5467,0.21335,0.26365,0.3222,0.37643,1.8098
0,0,0,0,0,0.017133,0,0.13964,1.1839,1.8458,2.9717,1.3313,2.1011,0.29129,0.54199,0.41232,0.023411,2.0809
0,0,0,0,0,0,0,0.015515,0.96246,1.6914,2.6214,1.5251,2.3406,0.36328,0.7641,0.47361,0.0021969,2.0605
0,0,0,0,0,0,0,0,0.5545,1.267,1.9363,1.6708,2.5631,0.49869,0.97124,0.53386,0,1.8605
0,0,0,0,0,0,0,0,0.2765,0.86709,1.3081,1.7782,2.8073,0.61296,1.1467,0.58468,0,1.6942
0,0,0,0,0,0,0,0,0.15182,0.5309,0.89668,1.8558,3.1746,0.74671,1.3926,0.66537,0,1.6601
0,0,0,0,0,0,0,0,0.10356,0.27468,0.64714,1.9825,3.7154,0.9736,1.7147,0.74605,0,1.7645
0,0,0,0,0,0,0,0,0.067365,0.12396,0.30752,2.1882,4.2045,1.2834,2.0812,0.84664,0,1.9183
0,0,0,0,0,0,0,0,0.039212,0.064593,0.11217,2.198,4.1692,1.5941,2.5201,0.95823,0,2.0418
0,0,0,0,0,0,0,0,0.023377,0.038756,0.066958,1.7775,3.5059,1.9046,3.068,1.3758,0,2.1123
0,0,0,0,0,0,0,0,0.0077922,0,0,1.2154,2.9127,2.0918,3.4266,2.356,0,2.1573
0,0,0,0,0,0,0,0,0,0,0,0.54044,2.1682,2.0512,3.7682,3.3818,0,2.1406
0.75423,0.083258,0.21511,0,0,0,0,0,0,0,0,0.13858,1.0364,1.398,3.677,4.0854,0.27112,1.8623
1.5544,1.0844,2.6995,0.038084,0.084436,0.011314,0.01187,0.023273,0,0,0,0.11283,0.57382,0.48449,1.8342,4.3102,1.2412,1.1971
1.4007,1.5142,3.8159,0.48112,1.062,0.13157,0.12825,0.2017,0,0,0,0.034561,0.30898,0.22061,0.32949,2.2764,1.8058,0.46576
1.4501,1.654,3.9901,0.72395,1.6783,0.23469,0.36942,0.31031,0,0,0,0,0.073567,0.014201,0.045778,0.26143,2.1057,0.056732
1.3176,1.5757,3.6589,0.85672,1.8499,0.33813,0.46988,0.35686,0,0,0,0,0,0,0,0,2.0856,0
0.92011,1.2783,2.7918,1.0597,1.942,0.48166,0.53444,0.4034,0,0,0,0,0,0,0,0,1.8394,0
0.48304,0.90495,1.8779,1.2704,2.0457,0.6491,0.58771,0.44995,0,0,0,0,0,0,0,0,1.5607,0
0.21384,0.57015,1.2266,1.4605,2.2288,0.85308,0.69947,0.51395,0,0,0,0,0,0,0,0,1.4191,0
0.10383,0.35421,0.79047,1.6589,2.5523,1.1298,0.87607,0.59153,0,0,0,0,0,0,0,0,1.4437,0
0.057105,0.2027,0.41552,1.9007,2.8308,1.4763,1.0955,0.70013,0,0,0,0,0,0,0,0,1.5451,0
0.010383,0.10885,0.16929,2.0789,2.998,1.8251,1.3587,0.77771,0,0,0,0,0,0,0,0,1.6654,0
0,0.051779,0.076948,1.9863,2.8198,2.1959,1.6934,0.91881,0,0,0,0,0,0,0,0,1.7686,0
0,0.010297,0.01539,1.5667,2.4519,2.514,1.9852,1.4585,0,0,0,0,0,0,0,0,1.8315,0
0,0,0,0.97587,1.9305,2.7089,2.2631,2.307,0,0,0,0,0,0,0,0,1.8721,0
0,0,0,0.42067,1.1048,2.6116,2.3902,3.1555,0,0,0,0,0,0,0,0,1.7893,0
0,0,0,0.19112,0.43205,1.5484,1.6957,3.9419,0.509,0.6081,0.51254,0.017281,0.029427,0,0,0,1.3808,0.38241
0,0,0,0.14186,0.2418,0.42993,0.3312,3.5686,1.1502,1.7056,2.4478,0.63837,0.73626,0.099407,0.098621,0.18075,0.7333,1.4606
0,0,0,0.048916,0.052087,0.13157,0.044006,0.91493,1.155,1.7686,2.8412,1.07,1.7992,0.20608,0.27693,0.30177,0.18406,1.8458
0,0,0,0,0,0,0,0.031031,1.0746,1.7895,2.7308,1.4085,2.2765,0.29888,0.53634,0.40236,0.0043939,2.0257
0,0,0,0,0,0,0,0,0.73473,1.5235,2.1761,1.6708,2.5107,0.41315,0.77936,0.47361,0,1.9361
0,0,0,0,0,0,0,0,0.37302,1.1187,1.4472,1.8656,2.546,0.52742,0.88703,0.52391,0,1.7028
0,0,0,0,0,0,0,0,0.17997,0.74805,0.82075,2.1587,2.6331,0.67802,0.98649,0.58468,0,1.5761
0,0,0,0,0,0,0,0,0.11563,0.44539,0.46525,2.5233,2.9127,0.87584,1.1993,0.69523,0,1.6339
0,0,0,0,0,0,0,0,0.07943,0.21562,0.22469,2.9841,3.1916,1.1774,1.4152,0.80682,0,1.78
0,0,0,0,0,0,0,0,0.039212,0.091046,0.11217,3.3995,3.244,1.5122,1.6695,0.86655,0,1.9478
0,0,0,0,0,0,0,0,0.015584,0.038756,0.059365,3.4561,2.9474,1.8801,1.997,0.89693,0,2.0558
0,0,0,0,0,0,0,0,0,0,0,2.7385,2.5978,2.1886,2.4983,1.2155,0,2.0725
0,0,0,0,0,0,0,0,0,0,0,1.6227,2.1811,2.358,2.9999,2.3644,0,2.1053
0.36191,0.010297,0.01539,0,0,0,0,0,0,0,0,0.69766,1.4195,2.3343,3.2435,3.4463,0.10593,2.0253
1.5658,0.85258,2.0391,0,0,0,0,0,0,0,0,0.19991,0.69153,1.3002,2.4048,4.2143,1.0341,1.5231
1.2956,1.4863,3.5522,0.31725,0.77254,0.080168,0.079906,0.1474,0,0,0,0.13011,0.39726,0.34182,0.5841,3.5547,1.6198,0.74908
1.3065,1.6037,3.916,0.64534,1.6438,0.21755,0.35755,0.28704,0,0,0,0.017281,0.13242,0.085206,0.13168,0.81573,2.01,0.17499
1.2568,1.6148,3.7411,0.8148,1.919,0.33813,0.50202,0.36461,0,0,0,0,0,0,0,0.019909,2.1031,0.0026005
0.90453,1.3521,2.9688,1.0457,2.1263,0.52756,0.61059,0.43443,0,0,0,0,0,0,0,0,1.9396,0
0.4781,0.94614,2.0517,1.1935,2.3072,0.69113,0.7235,0.48195,0,0,0,0,0,0,0,0,1.6663,0
0.21384,0.56486,1.3106,1.2704,2.5298,0.85987,0.84712,0.52946,0,0,0,0,0,0,0,0,1.4733,0
0.11421,0.31214,0.82824,1.3473,2.8198,1.0638,1.0478,0.59928,0,0,0,0,0,0,0,0,1.4442,0
0.03634,0.16122,0.43091,1.4601,3.1538,1.338,1.2956,0.67686,0,0,0,0,0,0,0,0,1.5013,0
0,0.077668,0.1539,1.4888,3.2777,1.6502,1.6508,0.75444,0,0,0,0,0,0,0,0,1.6001,0
0,0.030891,0.076948,1.2774,2.9871,1.9832,2.0396,1.0807,0,0,0,0,0,0,0,0,1.7052,0
0,0,0.01539,0.91263,2.5188,2.2738,2.3581,1.8075,0,0,0,0,0,0,0,0,1.7958,0
0,0,0,0.51431,1.9196,2.352,2.669,2.6575,0,0,0,0,0,0,0,0,1.8502,0
0,0,0,0.20195,0.99624,2.0553,2.7735,3.4662,0,0.012919,0,0,0,0,0,0,1.7495,0.0028742
0,0,0,0.13137,0.42109,1.0441,1.8934,4.1678,0.61131,0.69084,0.67096,0.043371,0.04414,0,0,0,1.3395,0.46706
0,0,0,0.10342,0.25276,0.35559,0.38476,3.474,1.2372,1.9218,2.6024,0.96365,1.0217,0.18494,0.17774,0.27139,0.71064,1.7107
0,0,0,0.027253,0.052087,0.096978,0.04777,0.79808,1.2133,1.9556,2.8412,1.4085,1.8786,0.42042,0.58014,0.45318,0.15681,2.1185
0,0,0,0,0,0,0,0.031031,1.0758,1.8729,2.6942,1.5837,2.2447,0.62716,0.902,0.53386,0.0043939,2.2428
0,0,0,0,0,0,0,0,0.64851,1.4669,2.0432,1.7684,2.4407,0.78634,1.0781,0.59516,0,2.0508
0,0,0,0,0,0,0,0,0.30465,1.0193,1.2829,1.9239,2.4577,0.89202,1.1089,0.62555,0,1.7735
0,0,0,0,0,0,0,0,0.15584,0.62286,0.68994,2.1391,2.5631,1.0307,1.1843,0.68527,0,1.6378
0,0,0,0,0,0,0,0,0.1116,0.39279,0.3976,2.4444,2.8073,1.2345,1.3553,0.74605,0,1.6982
0,0,0,0,0,0,0,0,0.07943,0.20916,0.20225,2.7934,3.0521,1.4713,1.5344,0.84664,0,1.8144
0,0,0,0,0,0,0,0,0.043234,0.097505,0.11217,3.0827,3.1569,1.7656,1.7676,0.90741,0,1.9578
0,0,0,0,0,0,0,0,0.023377,0.051675,0.066958,2.9015,2.9821,2.0512,2.1643,0.94828,0,2.0369
0,0,0,0,0,0,0,0,0,0.012919,0.014841,2.1594,2.7031,2.3177,2.7461,1.4109,0,2.0859
0,0,0,0,0,0,0,0,0,0,0,1.3699,2.3594,2.4792,3.1977,2.5064,0,2.1666
0.010383,0,0,0,0,0,0,0,0,0,0,0.6221,1.7197,2.4637,3.5184,3.4997,0.0028835,2.1453
1.2158,0.37069,0.79676,0,0,0,0,0,0,0,0,0.19991,0.85338,1.5208,3.3124,4.2033,0.58054,1.806
1.4447,1.3739,3.194,0.13661,0.41122,0.040084,0.031847,0.06982,0,0,0,0.13858,0.50026,0.47755,1.2739,4.3872,1.4531,1.0667
1.4059,1.5757,3.7579,0.54157,1.4831,0.16583,0.25275,0.24825,0,0,0,0.043371,0.25013,0.19188,0.24387,1.6136,1.9182,0.34744
1.4279,1.6763,3.7991,0.72395,1.8614,0.26927,0.48204,0.33358,0,0,0,0,0.029427,0.014201,0.012999,0.11002,2.1275,0.023884
1.1906,1.4919,3.3479,0.89865,2.1032,0.43575,0.61059,0.4034,0,0,0,0,0,0,0,0,2.0703,0
0.76882,1.1456,2.456,1.088,2.2409,0.61969,0.69947,0.45771,0,0,0,0,0,0,0,0,1.8196,0
0.35994,0.76962,1.6037,1.2634,2.3845,0.79392,0.78053,0.51395,0,0,0,0,0,0,0,0,1.5677,0
0.16143,0.44777,0.99403,1.4179,2.6526,1.0247,0.93774,0.58377,0,0,0,0,0,0,0,0,1.4779,0
0.072679,0.23918,0.5925,1.581,2.9312,1.306,1.1537,0.6691,0,0,0,0,0,0,0,0,1.5157,0
0.031148,0.11415,0.25393,1.7089,3.1318,1.6069,1.4117,0.74668,0,0,0,0,0,0,0,0,1.5948,0
0,0.051779,0.10003,1.638,3.0315,1.9066,1.7472,0.85529,0,0,0,0,0,0,0,0,1.6735,0
0,0.020594,0.030779,1.3406,2.6746,2.235,2.0503,1.3435,0,0,0,0,0,0,0,0,1.7603,0
0,0,0,0.9266,2.2392,2.4555,2.3352,2.0689,0,0,0,0,0,0,0,0,1.8307,0
0,0,0,0.49754,1.5862,2.5072,2.5932,2.8544,0,0,0,0,0,0,0,0,1.848,0
0,0,0,0.19671,0.7062,2.0627,2.5069,3.5884,0.011814,0.025837,0,0,0,0,0,0,1.6678,0.0089649
0,0,0,0.13661,0.38983,0.91903,1.3442,4.3773,0.81541,1.1781,1.2432,0.23481,0.19127,0.021136,0.012999,0.040341,1.2094,0.81307
0,0,0,0.10377,0.20999,0.321,0.21656,2.945,1.059,1.6499,2.5572,0.86776,1.2047,0.14928,0.15146,0.23104,0.58322,1.5756
0,0,0,0.010831,0.020835,0.062712,0.02374,0.46304,1.0919,1.6702,2.9158,1.1083,2.0216,0.22755,0.50893,0.31225,0.089251,1.9171
0,0,0,0,0,0,0,0,0.99262,1.6142,2.786,1.2825,2.3577,0.32035,0.83334,0.41232,0,2.037
0,0,0,0,0,0,0,0,0.65203,1.2876,2.2303,1.438,2.5637,0.44188,1.0246,0.47361,0,1.8963
0,0,0,0,0,0,0,0,0.3328,0.90031,1.5683,1.6027,2.7202,0.56309,1.1543,0.52391,0,1.7065
0,0,0,0,0,0,0,0,0.16791,0.5635,0.97365,1.8558,2.9998,0.76289,1.3558,0.61507,0,1.6545
0,0,0,0,0,0,0,0,0.095517,0.31405,0.59434,2.1882,3.3841,1.0872,1.639,0.72561,0,1.7662
0,0,0,0,0,0,0,0,0.071386,0.14364,0.28509,2.5924,3.6978,1.4224,1.9204,0.85659,0,1.9332
0,0,0,0,0,0,0,0,0.03519,0.064593,0.11217,2.7873,3.6454,1.7084,2.2335,0.93832,0,2.0505
0,0,0,0,0,0,0,0,0.015584,0.012919,0.066958,2.5037,3.0692,1.9538,2.6145,1.0421,0,2.0571
0,0,0,0,0,0,0,0,0,0,0,1.8856,2.546,2.1807,2.9536,1.6315,0,2.0571
0,0,0,0,0,0,0,0,0,0,0,1.2537,2.0216,2.3181,3.2206,2.53,0,2.079
0.24597,0,0,0,0,0,0,0,0,0,0,0.59466,1.3401,2.2857,3.3732,3.3928,0.068311,2.0096
1.4224,0.80139,1.8604,0,0,0,0,0,0,0,0,0.1911,0.72096,1.4472,2.8476,4.021,0.94723,1.6372
1.2126,1.3857,3.5018,0.34975,0.78186,0.091482,0.083959,0.13964,0,0,0,0.11249,0.4414,0.43462,0.95824,4.1085,1.5732,0.93283
1.152,1.4304,3.6666,0.6401,1.6438,0.22337,0.36131,0.28704,0,0,0,0.034561,0.20599,0.14895,0.20431,1.359,1.8788,0.28879
1.0217,1.4192,3.4043,0.91263,2.0572,0.4642,0.58221,0.38789,0,0,0,0,0.029427,0,0.012999,0.090112,2.0116,0.01834
0.68971,1.1456,2.7037,1.1796,2.4629,0.78164,0.81411,0.49795,0,0,0,0,0,0,0,0,1.9593,0
0.29714,0.71784,1.7992,1.3193,2.753,1.0441,0.99535,0.57601,0,0,0,0,0,0,0,0,1.7465,0
0.12484,0.36422,1.0385,1.4175,2.8862,1.242,1.1334,0.64583,0,0,0,0,0,0,0,0,1.5874,0
0.051914,0.17152,0.55438,1.4465,2.9761,1.4265,1.3002,0.70013,0,0,0,0,0,0,0,0,1.5306,0
0,0.092966,0.22315,1.4465,2.998,1.5943,1.4754,0.73892,0,0,0,0,0,0,0,0,1.5182,0
0,0.046483,0.10773,1.3896,2.7864,1.7934,1.6456,0.78547,0,0,0,0,0,0,0,0,1.5363,0
0,0.020594,0.061559,1.2005,2.6077,2.0339,1.9198,1.088,0,0,0,0,0,0,0,0,1.6206,0
0,0,0,0.9266,2.3851,2.2153,2.2032,1.6277,0,0,0,0,0,0,0,0,1.7041,0
0,0,0,0.66211,2.0457,2.3391,2.4311,2.178,0,0,0,0,0,0,0,0,1.7679,0
0,0,0,0.39342,1.5292,2.3129,2.6108,2.7307,0,0,0,0,0,0,0,0,1.7658,0
0,0,0,0.16387,0.76925,1.8397,2.6227,3.2534,0.14026,0.17656,0.082489,0,0,0,0,0,1.6018,0.093823
0,0,0,0.12578,0.37942,0.82884,1.5886,3.8575,0.81742,1.4112,1.831,0.70783,0.81336,0.10667,0.098621,0.17079,1.1712,1.2054
0,0,0,0.09259,0.19958,0.29223,0.25275,2.6279,0.6646,1.3768,2.0843,1.603,2.1999,0.37748,0.69826,0.43327,0.53729,1.784
0,0,0,0.010831,0.020835,0.062712,0.02374,0.47468,0.53138,1.3063,1.9877,2.0215,2.7902,0.71765,1.2439,0.61507,0.090899,2.0924
0,0,0,0,0,0,0,0,0.32476,1.0787,1.5248,2.3654,3.1045,0.98152,1.4598,0.72561,0,2.1212
0,0,0,0,0,0,0,0,0.1478,0.62286,0.77554,2.6714,3.1746,1.2345,1.6014,0.79687,0,1.989
0,0,0,0,0,0,0,0,0.07943,0.22915,0.24747,2.8767,2.9127,1.463,1.6913,0.84664,0,1.8647
0,0,0,0,0,0,0,0,0.039212,0.07136,0.10492,2.9397,2.6331,1.6348,1.8057,0.84664,0,1.8339
0,0,0,0,0,0,0,0,0,0.012919,0.066958,2.8588,2.4583,1.7986,1.9586,0.8765,0,1.8409
0,0,0,0,0,0,0,0,0,0,0.014841,2.691,2.34,1.9373,2.1578,0.9378,0,1.865
0,0,0,0,0,0,0,0,0,0,0,2.4545,2.26,2.0677,2.3533,1.074,0,1.8972
0,0,0,0,0,0,0,0,0,0,0,2.1686,2.1487,2.1886,2.5201,1.3522,0,1.9283
0,0,0,0,0,0,0,0,0,0,0,1.8849,2.0693,2.2454,2.6874,1.6671,0,1.9552
0,0,0,0,0,0,0,0,0,0,0,1.603,2.0534,2.2774,2.8781,1.9814,0,1.9903
0,0,0,0,0,0,0,0,0,0,0,1.1761,1.9739,2.2533,3.1367,2.4021,0,2.0074
0.95274,0.39011,1.05,0,0,0,0,0,0,0,0,0.61194,1.6879,2.002,3.3274,2.7322,0.56173,1.8974
0.87314,1.0285,2.5515,0.25681,0.70674,0.068531,0.055876,0.093093,0,0,0,0.17348,0.89928,1.1856,3.2053,2.9664,1.1633,1.549
0.79898,1.1109,2.6628,0.64708,1.4952,0.21173,0.30515,0.27928,0,0,0,0.086742,0.4414,0.35569,1.7769,2.9449,1.475,0.95753
0.70924,1.1874,2.4875,0.99683,1.896,0.51075,0.56484,0.42667,0,0,0,0.034561,0.25013,0.16381,0.35351,1.9945,1.6984,0.41615
0.5095,1.0403,2.1934,1.2215,2.3291,0.8269,0.79501,0.52946,0,0,0,0,0.10299,0.049538,0.065559,0.52443,1.7856,0.10662
0.29195,0.78139,1.7995,1.3333,2.6861,1.0574,0.99506,0.60704,0,0,0,0,0,0,0,0,1.7615,0
0.16143,0.51043,1.2871,1.4032,2.9761,1.2488,1.1977,0.68462,0,0,0,0,0,0,0,0,1.7111,0
0.088253,0.29126,0.85133,1.4318,3.1762,1.4078,1.3957,0.73892,0,0,0,0,0,0,0,0,1.6733,0
0.03634,0.17152,0.53094,1.4675,3.2886,1.5571,1.5816,0.79323,0,0,0,0,0,0,0,0,1.6726,0
0,0.10356,0.25393,1.4318,3.3577,1.6881,1.7785,0.85529,0,0,0,0,0,0,0,0,1.6772,0
0,0.051779,0.13081,1.3473,3.2217,1.7996,1.9143,0.94887,0,0,0,0,0,0,0,0,1.6764,0
0,0.010297,0.053864,1.1443,2.8867,1.8623,2.0069,1.1026,0,0,0,0,0,0,0.046061,0,1.6268,0.011155
0,0,0,0.90564,2.5298,1.893,2.0943,1.3072,0,0,0,0.53096,0.5444,0.17074,0.17096,0.21114,1.5785,0.2749
0,0,0,0.60166,2.1943,1.8371,2.2139,1.5835,0.027398,0.012919,0.029682,0.75188,1.0623,0.21335,0.23059,0.27086,1.5324,0.42703
0,0,0,0.31655,1.6323,1.6506,2.2956,1.9772,0.039212,0.051675,0.082144,0.8376,1.7833,0.24901,0.56799,0.35259,1.4415,0.65019
0,0,0,0.087,0.7698,1.1482,2.1977,2.4912,0.063343,0.084279,0.26265,0.95348,2.4265,0.34182,1.1303,0.46314,1.2313,0.96787
0,0,0,0.032494,0.2418,0.45903,1.5373,2.8228,0.10758,0.34696,0.38276,1.496,2.5807,0.64235,1.3855,0.61507,0.89841,1.3336
0,0,0,0,0.15736,0.1487,0.4971,2.464,0.13573,0.49798,0.75,1.5546,3.0345,0.76157,1.6164,0.67532,0.51807,1.6007
0,0,0,0,0.062505,0.051398,0.055876,1.024,0.22421,0.74774,1.2646,1.6417,3.3311,0.84314,1.7294,0.72509,0.17699,1.8853
